-10 -40 20 0 0 0 1 
-9.64824 -39.8744 19.9749 0 0 0 1 
-9.29648 -39.7487 19.9497 0 0 0 1 
-8.94472 -39.6231 19.9246 0 0 0 1 
-8.59296 -39.4975 19.8995 0 0 0 1 
-8.24121 -39.3719 19.8744 0 0 0 1 
-7.88945 -39.2462 19.8492 0 0 0 1 
-7.53769 -39.1206 19.8241 0 0 0 1 
-7.18593 -38.995 19.799 0 0 0 1 
-6.83417 -38.8693 19.7739 0 0 0 1 
-6.48241 -38.7437 19.7487 0 0 0 1 
-6.13065 -38.6181 19.7236 0 0 0 1 
-5.77889 -38.4925 19.6985 0 0 0 1 
-5.42714 -38.3668 19.6734 0 0 0 1 
-5.07538 -38.2412 19.6482 0 0 0 1 
-4.72362 -38.1156 19.6231 0 0 0 1 
-4.37186 -37.9899 19.598 0 0 0 1 
-4.0201 -37.8643 19.5729 0 0 0 1 
-3.66834 -37.7387 19.5477 0 0 0 1 
-3.31658 -37.6131 19.5226 0 0 0 1 
-2.96482 -37.4874 19.4975 0 0 0 1 
-2.61307 -37.3618 19.4724 0 0 0 1 
-2.26131 -37.2362 19.4472 0 0 0 1 
-1.90955 -37.1106 19.4221 0 0 0 1 
-1.55779 -36.9849 19.397 0 0 0 1 
-1.20603 -36.8593 19.3719 0 0 0 1 
-0.854271 -36.7337 19.3467 0 0 0 1 
-0.502513 -36.608 19.3216 0 0 0 1 
-0.150754 -36.4824 19.2965 0 0 0 1 
0.201005 -36.3568 19.2714 0 0 0 1 
0.552764 -36.2312 19.2462 0 0 0 1 
0.904523 -36.1055 19.2211 0 0 0 1 
1.25628 -35.9799 19.196 0 0 0 1 
1.60804 -35.8543 19.1709 0 0 0 1 
1.9598 -35.7286 19.1457 0 0 0 1 
2.31156 -35.603 19.1206 0 0 0 1 
2.66332 -35.4774 19.0955 0 0 0 1 
3.01508 -35.3518 19.0704 0 0 0 1 
3.36683 -35.2261 19.0452 0 0 0 1 
3.71859 -35.1005 19.0201 0 0 0 1 
4.07035 -34.9749 18.995 0 0 0 1 
4.42211 -34.8492 18.9698 0 0 0 1 
4.77387 -34.7236 18.9447 0 0 0 1 
5.12563 -34.598 18.9196 0 0 0 1 
5.47739 -34.4724 18.8945 0 0 0 1 
5.82915 -34.3467 18.8693 0 0 0 1 
6.1809 -34.2211 18.8442 0 0 0 1 
6.53266 -34.0955 18.8191 0 0 0 1 
6.88442 -33.9698 18.794 0 0 0 1 
7.23618 -33.8442 18.7688 0 0 0 1 
7.58794 -33.7186 18.7437 0 0 0 1 
7.9397 -33.593 18.7186 0 0 0 1 
8.29146 -33.4673 18.6935 0 0 0 1 
8.64322 -33.3417 18.6683 0 0 0 1 
8.99497 -33.2161 18.6432 0 0 0 1 
9.34673 -33.0905 18.6181 0 0 0 1 
9.69849 -32.9648 18.593 0 0 0 1 
10.0503 -32.8392 18.5678 0 0 0 1 
10.402 -32.7136 18.5427 0 0 0 1 
10.7538 -32.5879 18.5176 0 0 0 1 
11.1055 -32.4623 18.4925 0 0 0 1 
11.4573 -32.3367 18.4673 0 0 0 1 
11.809 -32.2111 18.4422 0 0 0 1 
12.1608 -32.0854 18.4171 0 0 0 1 
12.5126 -31.9598 18.392 0 0 0 1 
12.8643 -31.8342 18.3668 0 0 0 1 
13.2161 -31.7085 18.3417 0 0 0 1 
13.5678 -31.5829 18.3166 0 0 0 1 
13.9196 -31.4573 18.2915 0 0 0 1 
14.2714 -31.3317 18.2663 0 0 0 1 
14.6231 -31.206 18.2412 0 0 0 1 
14.9749 -31.0804 18.2161 0 0 0 1 
15.3266 -30.9548 18.191 0 0 0 1 
15.6784 -30.8291 18.1658 0 0 0 1 
16.0302 -30.7035 18.1407 0 0 0 1 
16.3819 -30.5779 18.1156 0 0 0 1 
16.7337 -30.4523 18.0905 0 0 0 1 
17.0854 -30.3266 18.0653 0 0 0 1 
17.4372 -30.201 18.0402 0 0 0 1 
17.7889 -30.0754 18.0151 0 0 0 1 
18.1407 -29.9497 17.9899 0 0 0 1 
18.4925 -29.8241 17.9648 0 0 0 1 
18.8442 -29.6985 17.9397 0 0 0 1 
19.196 -29.5729 17.9146 0 0 0 1 
19.5477 -29.4472 17.8894 0 0 0 1 
19.8995 -29.3216 17.8643 0 0 0 1 
20.2513 -29.196 17.8392 0 0 0 1 
20.603 -29.0704 17.8141 0 0 0 1 
20.9548 -28.9447 17.7889 0 0 0 1 
21.3065 -28.8191 17.7638 0 0 0 1 
21.6583 -28.6935 17.7387 0 0 0 1 
22.0101 -28.5678 17.7136 0 0 0 1 
22.3618 -28.4422 17.6884 0 0 0 1 
22.7136 -28.3166 17.6633 0 0 0 1 
23.0653 -28.191 17.6382 0 0 0 1 
23.4171 -28.0653 17.6131 0 0 0 1 
23.7688 -27.9397 17.5879 0 0 0 1 
24.1206 -27.8141 17.5628 0 0 0 1 
24.4724 -27.6884 17.5377 0 0 0 1 
24.8241 -27.5628 17.5126 0 0 0 1 
25.1759 -27.4372 17.4874 0 0 0 1 
25.5276 -27.3116 17.4623 0 0 0 1 
25.8794 -27.1859 17.4372 0 0 0 1 
26.2312 -27.0603 17.4121 0 0 0 1 
26.5829 -26.9347 17.3869 0 0 0 1 
26.9347 -26.809 17.3618 0 0 0 1 
27.2864 -26.6834 17.3367 0 0 0 1 
27.6382 -26.5578 17.3116 0 0 0 1 
27.9899 -26.4322 17.2864 0 0 0 1 
28.3417 -26.3065 17.2613 0 0 0 1 
28.6935 -26.1809 17.2362 0 0 0 1 
29.0452 -26.0553 17.2111 0 0 0 1 
29.397 -25.9296 17.1859 0 0 0 1 
29.7487 -25.804 17.1608 0 0 0 1 
30.1005 -25.6784 17.1357 0 0 0 1 
30.4523 -25.5528 17.1106 0 0 0 1 
30.804 -25.4271 17.0854 0 0 0 1 
31.1558 -25.3015 17.0603 0 0 0 1 
31.5075 -25.1759 17.0352 0 0 0 1 
31.8593 -25.0503 17.0101 0 0 0 1 
32.2111 -24.9246 16.9849 0 0 0 1 
32.5628 -24.799 16.9598 0 0 0 1 
32.9146 -24.6734 16.9347 0 0 0 1 
33.2663 -24.5477 16.9095 0 0 0 1 
33.6181 -24.4221 16.8844 0 0 0 1 
33.9698 -24.2965 16.8593 0 0 0 1 
34.3216 -24.1709 16.8342 0 0 0 1 
34.6734 -24.0452 16.809 0 0 0 1 
35.0251 -23.9196 16.7839 0 0 0 1 
35.3769 -23.794 16.7588 0 0 0 1 
35.7286 -23.6683 16.7337 0 0 0 1 
36.0804 -23.5427 16.7085 0 0 0 1 
36.4322 -23.4171 16.6834 0 0 0 1 
36.7839 -23.2915 16.6583 0 0 0 1 
37.1357 -23.1658 16.6332 0 0 0 1 
37.4874 -23.0402 16.608 0 0 0 1 
37.8392 -22.9146 16.5829 0 0 0 1 
38.191 -22.7889 16.5578 0 0 0 1 
38.5427 -22.6633 16.5327 0 0 0 1 
38.8945 -22.5377 16.5075 0 0 0 1 
39.2462 -22.4121 16.4824 0 0 0 1 
39.598 -22.2864 16.4573 0 0 0 1 
39.9497 -22.1608 16.4322 0 0 0 1 
40.3015 -22.0352 16.407 0 0 0 1 
40.6533 -21.9095 16.3819 0 0 0 1 
41.005 -21.7839 16.3568 0 0 0 1 
41.3568 -21.6583 16.3317 0 0 0 1 
41.7085 -21.5327 16.3065 0 0 0 1 
42.0603 -21.407 16.2814 0 0 0 1 
42.4121 -21.2814 16.2563 0 0 0 1 
42.7638 -21.1558 16.2312 0 0 0 1 
43.1156 -21.0302 16.206 0 0 0 1 
43.4673 -20.9045 16.1809 0 0 0 1 
43.8191 -20.7789 16.1558 0 0 0 1 
44.1709 -20.6533 16.1307 0 0 0 1 
44.5226 -20.5276 16.1055 0 0 0 1 
44.8744 -20.402 16.0804 0 0 0 1 
45.2261 -20.2764 16.0553 0 0 0 1 
45.5779 -20.1508 16.0302 0 0 0 1 
45.9296 -20.0251 16.005 0 0 0 1 
46.2814 -19.8995 15.9799 0 0 0 1 
46.6332 -19.7739 15.9548 0 0 0 1 
46.9849 -19.6482 15.9296 0 0 0 1 
47.3367 -19.5226 15.9045 0 0 0 1 
47.6884 -19.397 15.8794 0 0 0 1 
48.0402 -19.2714 15.8543 0 0 0 1 
48.392 -19.1457 15.8291 0 0 0 1 
48.7437 -19.0201 15.804 0 0 0 1 
49.0955 -18.8945 15.7789 0 0 0 1 
49.4472 -18.7688 15.7538 0 0 0 1 
49.799 -18.6432 15.7286 0 0 0 1 
50.1508 -18.5176 15.7035 0 0 0 1 
50.5025 -18.392 15.6784 0 0 0 1 
50.8543 -18.2663 15.6533 0 0 0 1 
51.206 -18.1407 15.6281 0 0 0 1 
51.5578 -18.0151 15.603 0 0 0 1 
51.9095 -17.8894 15.5779 0 0 0 1 
52.2613 -17.7638 15.5528 0 0 0 1 
52.6131 -17.6382 15.5276 0 0 0 1 
52.9648 -17.5126 15.5025 0 0 0 1 
53.3166 -17.3869 15.4774 0 0 0 1 
53.6683 -17.2613 15.4523 0 0 0 1 
54.0201 -17.1357 15.4271 0 0 0 1 
54.3719 -17.0101 15.402 0 0 0 1 
54.7236 -16.8844 15.3769 0 0 0 1 
55.0754 -16.7588 15.3518 0 0 0 1 
55.4271 -16.6332 15.3266 0 0 0 1 
55.7789 -16.5075 15.3015 0 0 0 1 
56.1307 -16.3819 15.2764 0 0 0 1 
56.4824 -16.2563 15.2513 0 0 0 1 
56.8342 -16.1307 15.2261 0 0 0 1 
57.1859 -16.005 15.201 0 0 0 1 
57.5377 -15.8794 15.1759 0 0 0 1 
57.8894 -15.7538 15.1508 0 0 0 1 
58.2412 -15.6281 15.1256 0 0 0 1 
58.593 -15.5025 15.1005 0 0 0 1 
58.9447 -15.3769 15.0754 0 0 0 1 
59.2965 -15.2513 15.0503 0 0 0 1 
59.6482 -15.1256 15.0251 0 0 0 1 
60 -15 15 0 0 0 1 

