-10 -40 20 0 0 0 1 0 0 0 0 0 0 0 0 0 1 0 0 0 0 0 0 0 0 0 0 1 0 0 0 0 0 0 0 0 0 0 1 0 0 0 0 0 0 0 0 0 0 1 0 0 0 0 0 0 0 0 0 0 0 0 0 0 0 0 0 0 0 0 0 0 0 0
-10 -40 20.0037 0 0 0 1 0 0 0.0733914 0 0 0 0 0 0 1 0 0 0 0 0 0 0 0 0 0 1 0 0 0 0 0 0 0 0 0 0 1 0 0 0 0 0 0 0 0 0 0 1 0 0 0 0 0 0 0 7.72538 0 0 0 7.72538 0 0 0 7.72538 0 0 0 7.72538 0 0 0 0.1
-10 -40 20.0048 0 0 -7.61296e-20 1 1.32914e-09 -3.44071e-17 0.15283 -4.93007e-17 -1.59509e-09 0 9.83564e-05 9.83564e-05 -2.69163e-07 1 0.0390829 0.0390829 -0.000107308 3.73482e-08 6.28319 1.49092e-05 -1.49106e-05 9.83564e-05 9.83564e-05 -2.69163e-07 1 0.0390829 0.0390829 -0.000107308 3.73482e-08 6.28319 1.49092e-05 -1.49106e-05 9.83564e-05 9.83564e-05 -2.69163e-07 1 0.0390829 0.0390829 -0.000107308 3.73482e-08 6.28319 1.49092e-05 -1.49106e-05 9.83564e-05 9.83564e-05 -2.69163e-07 1 0.0390829 0.0390829 -0.000107308 3.73482e-08 6.28319 1.49092e-05 -1.49106e-05 11.3322 0.01 0.01 -5.41921e-05 11.3322 0.01 0.01 -5.41921e-05 11.3322 0.01 0.01 -5.41921e-05 11.3322 0.01 0.01 -5.41921e-05 0.01
-10 -40 20.0477 -1.2374e-24 -3.65676e-35 -3.1579e-11 1 6.574e-05 -6.51562e-09 1.07273 -7.82191e-09 -7.8941e-05 7.07242e-22 0.00575132 0.00575135 1.23785e-05 0.999967 0.273079 0.273079 0.000808672 0.000177135 6.28301 0.00870813 -0.00877244 0.00575132 0.00575135 1.23785e-05 0.999967 0.273079 0.273079 0.000808672 0.000177135 6.28301 0.00870813 -0.00877244 0.00575132 0.00575135 1.23785e-05 0.999967 0.273079 0.273079 0.000808672 0.000177135 6.28301 0.00870813 -0.00877244 0.00575132 0.00575135 1.23785e-05 0.999967 0.273079 0.273079 0.000808672 0.000177135 6.28301 0.00870813 -0.00877244 13.944 0.01 0.01 6.90408e-05 13.944 0.01 0.01 6.90408e-05 13.944 0.01 0.01 6.90408e-05 13.944 0.01 0.01 6.90408e-05 0.07
-9.99999 -40 20.0982 2.47748e-23 3.60027e-32 -1.42753e-09 1 0.000409256 -1.8714e-07 1.45327 -2.24712e-07 -0.000491633 -4.64949e-21 0.0123122 0.0123124 3.49645e-05 0.999848 0.380229 0.380229 0.00144163 0.000821985 6.28235 0.0255822 -0.0259726 0.0123122 0.0123124 3.49645e-05 0.999848 0.380229 0.380229 0.00144163 0.000821985 6.28235 0.0255822 -0.0259726 0.0123122 0.0123124 3.49645e-05 0.999848 0.380229 0.380229 0.00144163 0.000821985 6.28235 0.0255822 -0.0259726 0.0123122 0.0123124 3.49645e-05 0.999848 0.380229 0.380229 0.00144163 0.000821985 6.28235 0.0255822 -0.0259726 12.1497 0.01 0.01 9.04137e-05 12.1497 0.01 0.01 9.04137e-05 12.1497 0.01 0.01 9.04137e-05 12.1497 0.01 0.01 9.04137e-05 0.04
-9.99994 -40 20.1968 3.39675e-22 9.47327e-30 -2.7892e-08 1 0.000791461 -1.22535e-06 0.73616 -1.47322e-06 -0.000953282 -7.78111e-21 0.0338671 0.0194975 0.000376685 0.999236 0.567083 -0.0358945 0.00242072 0.00401153 6.27898 0.0466781 -0.0533639 0.0338671 0.0194975 0.000376685 0.999236 0.567083 -0.0358945 0.00242072 0.00401153 6.27898 0.0466781 -0.0533639 0.0338671 0.0194975 0.000376685 0.999236 0.567083 -0.0358945 0.00242072 0.00401153 6.27898 0.0466781 -0.0533639 0.0338671 0.0194975 0.000376685 0.999236 0.567083 -0.0358945 0.00242072 0.00401153 6.27898 0.0466781 -0.0533639 3.40644 0.01 -0.01 7.38523e-05 3.40644 0.01 -0.01 7.38523e-05 3.40644 0.01 -0.01 7.38523e-05 3.40644 0.01 -0.01 7.38523e-05 0.09
-9.99998 -40 20.2034 1.01715e-21 -2.99711e-28 2.94899e-07 1 -0.00191955 1.74249e-05 -0.588503 2.09391e-05 0.00230211 -4.58714e-20 0.0624577 0.0253081 0.000840734 0.997726 0.697603 0.276416 0.00483338 0.00832038 6.27418 0.0493911 -0.0533639 0.0624577 0.0253081 0.000840734 0.997726 0.697603 0.276416 0.00483338 0.00832038 6.27418 0.0493911 -0.0533639 0.0624577 0.0253081 0.000840734 0.997726 0.697603 0.276416 0.00483338 0.00832038 6.27418 0.0493911 -0.0533639 0.0624577 0.0253081 0.000840734 0.997726 0.697603 0.276416 0.00483338 0.00832038 6.27418 0.0493911 -0.0533639 0 0.01 0.01 0.000170669 0 0.01 0.01 0.000170669 0 0.01 0.01 0.000170669 0 0.01 0.01 0.000170669 0.09
-10.0001 -40 20.1556 2.24405e-21 -2.58672e-27 1.15288e-06 1 -0.00425957 4.17655e-05 -1.32184 5.02325e-05 0.00511914 -3.58017e-20 0.0772014 0.0338789 0.000795462 0.996439 0.491853 0.407186 0.0058309 0.0108461 6.27151 0.0517389 -0.0533639 0.0772014 0.0338789 0.000795462 0.996439 0.491853 0.407186 0.0058309 0.0108461 6.27151 0.0517389 -0.0533639 0.0772014 0.0338789 0.000795462 0.996439 0.491853 0.407186 0.0058309 0.0108461 6.27151 0.0517389 -0.0533639 0.0772014 0.0338789 0.000795462 0.996439 0.491853 0.407186 0.0058309 0.0108461 6.27151 0.0517389 -0.0533639 0 -0.00440862 0.01 0.000153157 0 -0.00440862 0.01 0.000153157 0 -0.00440862 0.01 0.000153157 0 -0.00440862 0.01 0.000153157 0.05
-10.0003 -40 20.1093 2.79008e-21 -5.83157e-27 2.0903e-06 1 -0.00596305 6.30646e-05 -1.76096 7.58833e-05 0.00717237 -3.28729e-20 0.08327 0.0404752 0.000582837 0.995705 0.323683 0.474011 0.00697908 0.0124233 6.26991 0.0534503 -0.0533639 0.08327 0.0404752 0.000582837 0.995705 0.323683 0.474011 0.00697908 0.0124233 6.26991 0.0534503 -0.0533639 0.08327 0.0404752 0.000582837 0.995705 0.323683 0.474011 0.00697908 0.0124233 6.26991 0.0534503 -0.0533639 0.08327 0.0404752 0.000582837 0.995705 0.323683 0.474011 0.00697908 0.0124233 6.26991 0.0534503 -0.0533639 0 -0.01 0.01 0.000255471 0 -0.01 0.01 0.000255471 0 -0.01 0.01 0.000255471 0 -0.01 0.01 0.000255471 0.03
-10.0004 -40 19.943 3.38567e-21 -2.86692e-27 8.46973e-07 1 0.00543416 -0.000156696 -1.93746 -0.000187956 -0.00649989 5.32603e-20 0.0882737 0.0654854 -0.00101097 0.993941 -0.0753926 0.632591 0.00961595 0.0219351 6.2562 0.166894 -0.252734 0.0882737 0.0654854 -0.00101097 0.993941 -0.0753926 0.632591 0.00961595 0.0219351 6.2562 0.166894 -0.252734 0.0882737 0.0654854 -0.00101097 0.993941 -0.0753926 0.632591 0.00961595 0.0219351 6.2562 0.166894 -0.252734 0.0882737 0.0654854 -0.00101097 0.993941 -0.0753926 0.632591 0.00961595 0.0219351 6.2562 0.166894 -0.252734 6.45462 -0.01 0.01 0.000229863 6.45462 -0.01 0.01 0.000229863 6.45462 -0.01 0.01 0.000229863 6.45462 -0.01 0.01 0.000229863 0.09
-9.99998 -40 19.838 3.99712e-21 2.31222e-26 -5.78434e-06 1 0.00972659 -0.000304221 -2.26038 -0.000365664 -0.0116736 -6.66798e-20 0.0888596 0.0774348 -0.00177604 0.993028 0.118958 0.337541 0.00994806 0.0316846 6.24178 0.224632 -0.323777 0.0888596 0.0774348 -0.00177604 0.993028 0.118958 0.337541 0.00994806 0.0316846 6.24178 0.224632 -0.323777 0.0888596 0.0774348 -0.00177604 0.993028 0.118958 0.337541 0.00994806 0.0316846 6.24178 0.224632 -0.323777 0.0888596 0.0774348 -0.00177604 0.993028 0.118958 0.337541 0.00994806 0.0316846 6.24178 0.224632 -0.323777 4.16869 0.01 -0.01 0.000131059 4.16869 0.01 -0.01 0.000131059 4.16869 0.01 -0.01 0.000131059 4.16869 0.01 -0.01 0.000131059 0.05
-9.99919 -40 19.5932 7.43461e-21 1.45595e-25 -1.9584e-05 1 0.00764669 -0.000183851 -3.1788 -0.000222579 -0.00922485 -7.56436e-20 0.0861371 0.0830088 -0.00199553 0.992817 -0.218395 -0.0657126 0.0126379 0.0550486 6.20958 0.295814 -0.390957 0.0861371 0.0830088 -0.00199553 0.992817 -0.218395 -0.0657126 0.0126379 0.0550486 6.20958 0.295814 -0.390957 0.0861371 0.0830088 -0.00199553 0.992817 -0.218395 -0.0657126 0.0126379 0.0550486 6.20958 0.295814 -0.390957 0.0861371 0.0830088 -0.00199553 0.992817 -0.218395 -0.0657126 0.0126379 0.0550486 6.20958 0.295814 -0.390957 2.2352 -0.01 -0.01 0.00026277 2.2352 -0.01 -0.01 0.00026277 2.2352 -0.01 -0.01 0.00026277 2.2352 -0.01 -0.01 0.00026277 0.09
-9.99912 -40 19.4544 1.01169e-20 1.32526e-25 -1.30941e-05 1 -0.00426332 0.000790227 -3.75973 0.000946996 0.00506302 -8.26983e-20 0.0836078 0.0833229 -0.00196198 0.993007 -0.0388001 0.0913767 0.0142597 0.0671127 6.19395 0.307783 -0.390957 0.0836078 0.0833229 -0.00196198 0.993007 -0.0388001 0.0913767 0.0142597 0.0671127 6.19395 0.307783 -0.390957 0.0836078 0.0833229 -0.00196198 0.993007 -0.0388001 0.0913767 0.0142597 0.0671127 6.19395 0.307783 -0.390957 0.0836078 0.0833229 -0.00196198 0.993007 -0.0388001 0.0913767 0.0142597 0.0671127 6.19395 0.307783 -0.390957 0 0.01 0.01 0.000337313 0 0.01 0.01 0.000337313 0 0.01 0.01 0.000337313 0 0.01 0.01 0.000337313 0.04
-10.0006 -39.9998 19.1073 7.12172e-21 -6.81218e-25 9.56643e-05 1 -0.0351926 0.00407104 -4.91706 0.00489388 0.0422604 4.16492e-19 0.0879483 0.0807799 -0.000732026 0.992844 0.244874 -0.206655 0.017793 0.0929194 6.16267 0.339065 -0.390957 0.0879483 0.0807799 -0.000732026 0.992844 0.244874 -0.206655 0.017793 0.0929194 6.16267 0.339065 -0.390957 0.0879483 0.0807799 -0.000732026 0.992844 0.244874 -0.206655 0.017793 0.0929194 6.16267 0.339065 -0.390957 0.0879483 0.0807799 -0.000732026 0.992844 0.244874 -0.206655 0.017793 0.0929194 6.16267 0.339065 -0.390957 0 0.01 -0.01 0.00038157 0 0.01 -0.01 0.00038157 0 0.01 -0.01 0.00038157 0 0.01 -0.01 0.00038157 0.08
-10.001 -39.9998 19.0574 5.04199e-21 -6.14123e-25 0.000121805 1 -0.0397528 0.00463253 -5.06128 0.00556998 0.0477527 5.36854e-19 0.089231 0.0798805 -0.000458235 0.992802 0.274386 -0.159495 0.0178707 0.0963331 6.15876 0.3437 -0.390957 0.089231 0.0798805 -0.000458235 0.992802 0.274386 -0.159495 0.0178707 0.0963331 6.15876 0.3437 -0.390957 0.089231 0.0798805 -0.000458235 0.992802 0.274386 -0.159495 0.0178707 0.0963331 6.15876 0.3437 -0.390957 0.089231 0.0798805 -0.000458235 0.992802 0.274386 -0.159495 0.0178707 0.0963331 6.15876 0.3437 -0.390957 0 0.01 0.01 0.000217137 0 0.01 0.01 0.000217137 0 0.01 0.01 0.000217137 0 0.01 0.01 0.000217137 0.01
-10.0028 -39.9996 18.5795 -2.31657e-20 5.28457e-24 0.000228084 1 0.000973361 -0.00131278 -5.5598 -0.00155218 -0.000996552 6.37597e-19 0.10659 0.0810962 0.00164224 0.990989 0.493151 0.190079 0.0198661 0.132181 6.11757 0.452826 -0.527883 0.10659 0.0810962 0.00164224 0.990989 0.493151 0.190079 0.0198661 0.132181 6.11757 0.452826 -0.527883 0.10659 0.0810962 0.00164224 0.990989 0.493151 0.190079 0.0198661 0.132181 6.11757 0.452826 -0.527883 0.10659 0.0810962 0.00164224 0.990989 0.493151 0.190079 0.0198661 0.132181 6.11757 0.452826 -0.527883 4.52901 0.01 0.01 0.000299842 4.52901 0.01 0.01 0.000299842 4.52901 0.01 0.01 0.000299842 4.52901 0.01 0.01 0.000299842 0.09
-9.99415 -40.0014 18.0997 -5.31755e-20 -4.31002e-23 -0.000810474 1 0.202195 -0.0412771 -5.10406 -0.0496552 -0.1 1.01248e-18 0.117856 0.081179 0.00354317 0.989701 0.0429826 -0.168716 0.0223 0.1806 6.05483 0.61743 -0.868749 0.117856 0.081179 0.00354317 0.989701 0.0429826 -0.168716 0.0223 0.1806 6.05483 0.61743 -0.868749 0.117856 0.081179 0.00354317 0.989701 0.0429826 -0.168716 0.0223 0.1806 6.05483 0.61743 -0.868749 0.117856 0.081179 0.00354317 0.989701 0.0429826 -0.168716 0.0223 0.1806 6.05483 0.61743 -0.868749 10.0117 -0.01 -0.01 0.000346413 10.0117 -0.01 -0.01 0.000346413 10.0117 -0.01 -0.01 0.000346413 10.0117 -0.01 -0.01 0.000346413 0.09
-9.96192 -40.0088 17.6734 -1.29919e-19 -6.26263e-22 -0.00481996 0.999988 0.528 -0.133539 -4.37106 -0.1 -0.1 2.57124e-18 0.126432 0.0678256 0.00684895 0.98963 0.331513 -0.419339 0.0227906 0.241536 5.95878 0.719466 -1.26687 0.126432 0.0678256 0.00684895 0.98963 0.331513 -0.419339 0.0227906 0.241536 5.95878 0.719466 -1.26687 0.126432 0.0678256 0.00684895 0.98963 0.331513 -0.419339 0.0227906 0.241536 5.95878 0.719466 -1.26687 0.126432 0.0678256 0.00684895 0.98963 0.331513 -0.419339 0.0227906 0.241536 5.95878 0.719466 -1.26687 11.6715 0.01 -0.01 0.000252781 11.6715 0.01 -0.01 0.000252781 11.6715 0.01 -0.01 0.000252781 11.6715 0.01 -0.01 0.000252781 0.09
-9.9346 -40.0163 17.5167 -1.83812e-19 -1.31719e-21 -0.00716476 0.999974 0.842518 -0.249281 -3.46905 -0.1 -0.1 5.14908e-18 0.133891 0.0586554 0.00897842 0.989218 0.43005 -0.50493 0.0217944 0.270154 5.90204 0.705136 -1.57199 0.133891 0.0586554 0.00897842 0.989218 0.43005 -0.50493 0.0217944 0.270154 5.90204 0.705136 -1.57199 0.133891 0.0586554 0.00897842 0.989218 0.43005 -0.50493 0.0217944 0.270154 5.90204 0.705136 -1.57199 0.133891 0.0586554 0.00897842 0.989218 0.43005 -0.50493 0.0217944 0.270154 5.90204 0.705136 -1.57199 19.3928 0.01 -0.01 9.83295e-05 19.3928 0.01 -0.01 9.83295e-05 19.3928 0.01 -0.01 9.83295e-05 19.3928 0.01 -0.01 9.83295e-05 0.04
-9.89354 -40.0295 17.3982 -2.86206e-19 -2.76335e-21 -0.00965407 0.999953 1.21387 -0.413316 -2.45667 -0.1 -0.1 6.55701e-18 0.143116 0.0478905 0.0114043 0.988481 0.514062 -0.577905 0.0206904 0.297313 5.83228 0.647215 -1.91884 0.143116 0.0478905 0.0114043 0.988481 0.514062 -0.577905 0.0206904 0.297313 5.83228 0.647215 -1.91884 0.143116 0.0478905 0.0114043 0.988481 0.514062 -0.577905 0.0206904 0.297313 5.83228 0.647215 -1.91884 0.143116 0.0478905 0.0114043 0.988481 0.514062 -0.577905 0.0206904 0.297313 5.83228 0.647215 -1.91884 21.0696 0.01 -0.01 7.43574e-05 21.0696 0.01 -0.01 7.43574e-05 21.0696 0.01 -0.01 7.43574e-05 21.0696 0.01 -0.01 7.43574e-05 0.04
-9.80297 -40.0638 17.2967 -4.73844e-19 -6.47395e-21 -0.0136613 0.999907 1.80761 -0.750281 -0.932012 -0.1 -0.1 7.18488e-18 0.159664 0.0292457 0.0154858 0.986617 0.617443 -0.667703 0.0191372 0.332216 5.70045 0.509983 -2.48284 0.159664 0.0292457 0.0154858 0.986617 0.617443 -0.667703 0.0191372 0.332216 5.70045 0.509983 -2.48284 0.159664 0.0292457 0.0154858 0.986617 0.617443 -0.667703 0.0191372 0.332216 5.70045 0.509983 -2.48284 0.159664 0.0292457 0.0154858 0.986617 0.617443 -0.667703 0.0191372 0.332216 5.70045 0.509983 -2.48284 21.4219 0.01 -0.01 6.95443e-05 21.4219 0.01 -0.01 6.95443e-05 21.4219 0.01 -0.01 6.95443e-05 21.4219 0.01 -0.01 6.95443e-05 0.06
-9.70408 -40.1075 17.268 -6.98335e-19 -1.18288e-20 -0.0169362 0.999857 2.14616 -1.00844 -0.218579 -0.1 -0.1 9.86657e-18 0.170932 0.0165117 0.0183532 0.984973 0.32513 -0.366308 0.0201126 0.356007 5.56734 0.443225 -2.84141 0.170932 0.0165117 0.0183532 0.984973 0.32513 -0.366308 0.0201126 0.356007 5.56734 0.443225 -2.84141 0.170932 0.0165117 0.0183532 0.984973 0.32513 -0.366308 0.0201126 0.356007 5.56734 0.443225 -2.84141 0.170932 0.0165117 0.0183532 0.984973 0.32513 -0.366308 0.0201126 0.356007 5.56734 0.443225 -2.84141 15.5762 -0.01 0.01 0.000293874 15.5762 -0.01 0.01 0.000293874 15.5762 -0.01 0.01 0.000293874 15.5762 -0.01 0.01 0.000293874 0.05
-9.68235 -40.1178 17.2663 -7.46692e-19 -1.31293e-20 -0.0175807 0.999845 2.19928 -1.05644 -0.122254 -0.1 -0.1 7.94077e-18 0.172372 0.0148299 0.0187678 0.984741 0.27334 -0.312908 0.0204572 0.360404 5.53863 0.436124 -2.90067 0.172372 0.0148299 0.0187678 0.984741 0.27334 -0.312908 0.0204572 0.360404 5.53863 0.436124 -2.90067 0.172372 0.0148299 0.0187678 0.984741 0.27334 -0.312908 0.0204572 0.360404 5.53863 0.436124 -2.90067 0.172372 0.0148299 0.0187678 0.984741 0.27334 -0.312908 0.0204572 0.360404 5.53863 0.436124 -2.90067 13.0708 -0.01 0.01 0.000375138 13.0708 -0.01 0.01 0.000375138 13.0708 -0.01 0.01 0.000375138 13.0708 -0.01 0.01 0.000375138 0.01
-9.5712 -40.1719 17.2529 -9.43932e-19 -1.91154e-20 -0.0202467 0.999795 2.24597 -1.10961 -0.41568 -0.1 -0.1 8.10378e-18 0.180572 0.00547845 0.0210452 0.983321 0.404666 -0.437083 0.0224312 0.383409 5.39112 0.485665 -2.99853 0.180572 0.00547845 0.0210452 0.983321 0.404666 -0.437083 0.0224312 0.383409 5.39112 0.485665 -2.99853 0.180572 0.00547845 0.0210452 0.983321 0.404666 -0.437083 0.0224312 0.383409 5.39112 0.485665 -2.99853 0.180572 0.00547845 0.0210452 0.983321 0.404666 -0.437083 0.0224312 0.383409 5.39112 0.485665 -2.99853 4.51808 0.01 -0.01 0.000412009 4.51808 0.01 -0.01 0.000412009 4.51808 0.01 -0.01 0.000412009 4.51808 0.01 -0.01 0.000412009 0.05
-9.46031 -40.2256 17.2146 -1.14288e-18 -2.48014e-20 -0.0216958 0.999765 2.19094 -1.03508 -1.11296 -0.0137167 -0.0405748 8.10378e-18 0.18711 -0.00263426 0.0231498 0.982063 0.150808 -0.226996 0.0249304 0.410034 5.24119 0.580336 -2.99853 0.18711 -0.00263426 0.0231498 0.982063 0.150808 -0.226996 0.0249304 0.410034 5.24119 0.580336 -2.99853 0.18711 -0.00263426 0.0231498 0.982063 0.150808 -0.226996 0.0249304 0.410034 5.24119 0.580336 -2.99853 0.18711 -0.00263426 0.0231498 0.982063 0.150808 -0.226996 0.0249304 0.410034 5.24119 0.580336 -2.99853 0 -0.01 0.00725383 0.00048694 0 -0.01 0.00725383 0.00048694 0 -0.01 0.00725383 0.00048694 0 -0.01 0.00725383 0.00048694 0.05
-9.26224 -40.3214 17.082 -1.50034e-18 -3.60801e-20 -0.024041 0.999711 2.20865 -1.09793 -1.83298 -0.0949305 -0.0737288 8.10378e-18 0.185264 -0.0178612 0.0272725 0.982148 -0.196148 -0.460048 0.0263366 0.468318 4.96713 0.715564 -3.0853 0.185264 -0.0178612 0.0272725 0.982148 -0.196148 -0.460048 0.0263366 0.468318 4.96713 0.715564 -3.0853 0.185264 -0.0178612 0.0272725 0.982148 -0.196148 -0.460048 0.0263366 0.468318 4.96713 0.715564 -3.0853 0.185264 -0.0178612 0.0272725 0.982148 -0.196148 -0.460048 0.0263366 0.468318 4.96713 0.715564 -3.0853 3.22948 -0.01 -0.01 0.000334666 3.22948 -0.01 -0.01 0.000334666 3.22948 -0.01 -0.01 0.000334666 3.22948 -0.01 -0.01 0.000334666 0.09
-9.08624 -40.4071 16.9005 -1.81519e-18 -4.84184e-20 -0.0266646 0.999644 2.19338 -1.04441 -2.70018 -0.035813 -0.0659594 8.10378e-18 0.172393 -0.0384369 0.0325228 0.983741 -0.415663 -0.607497 0.0262788 0.531645 4.71935 0.868354 -3.10727 0.172393 -0.0384369 0.0325228 0.983741 -0.415663 -0.607497 0.0262788 0.531645 4.71935 0.868354 -3.10727 0.172393 -0.0384369 0.0325228 0.983741 -0.415663 -0.607497 0.0262788 0.531645 4.71935 0.868354 -3.10727 0.172393 -0.0384369 0.0325228 0.983741 -0.415663 -0.607497 0.0262788 0.531645 4.71935 0.868354 -3.10727 1.52465 -0.01 -0.01 0.000259459 1.52465 -0.01 -0.01 0.000259459 1.52465 -0.01 -0.01 0.000259459 1.52465 -0.01 -0.01 0.000259459 0.08
-8.91058 -40.4835 16.6423 -2.12762e-18 -5.16121e-20 -0.024251 0.999706 2.20564 -0.864349 -3.75043 0.1 -0.0912273 8.10378e-18 0.163151 -0.0641096 0.038332 0.983769 -0.0290755 -0.714682 0.0241432 0.609398 4.47077 1.07976 -3.10727 0.163151 -0.0641096 0.038332 0.983769 -0.0290755 -0.714682 0.0241432 0.609398 4.47077 1.07976 -3.10727 0.163151 -0.0641096 0.038332 0.983769 -0.0290755 -0.714682 0.0241432 0.609398 4.47077 1.07976 -3.10727 0.163151 -0.0641096 0.038332 0.983769 -0.0290755 -0.714682 0.0241432 0.609398 4.47077 1.07976 -3.10727 0 0.01 -0.01 0.000118349 0 0.01 -0.01 0.000118349 0 0.01 -0.01 0.000118349 0 0.01 -0.01 0.000118349 0.08
-8.79959 -40.5239 16.4387 -2.31893e-18 -4.96777e-20 -0.0214178 0.999771 2.2369 -0.751145 -4.38908 0.1 -0.1 8.10378e-18 0.164288 -0.0777151 0.0410396 0.982489 0.156904 -0.404796 0.0221923 0.666988 4.3154 1.22573 -3.10727 0.164288 -0.0777151 0.0410396 0.982489 0.156904 -0.404796 0.0221923 0.666988 4.3154 1.22573 -3.10727 0.164288 -0.0777151 0.0410396 0.982489 0.156904 -0.404796 0.0221923 0.666988 4.3154 1.22573 -3.10727 0.164288 -0.0777151 0.0410396 0.982489 0.156904 -0.404796 0.0221923 0.666988 4.3154 1.22573 -3.10727 0 0.01 0.01 3.64198e-05 0 0.01 0.01 3.64198e-05 0 0.01 0.01 3.64198e-05 0 0.01 0.01 3.64198e-05 0.05
-8.64061 -40.5711 16.101 -2.61079e-18 -4.56255e-20 -0.0174731 0.999847 2.31103 -0.600744 -5.2555 0.1 -0.1 9.1512e-18 0.164348 -0.0853607 0.043083 0.981757 -0.124817 -0.0627098 0.0220411 0.7605 4.09789 1.45008 -3.10727 0.164348 -0.0853607 0.043083 0.981757 -0.124817 -0.0627098 0.0220411 0.7605 4.09789 1.45008 -3.10727 0.164348 -0.0853607 0.043083 0.981757 -0.124817 -0.0627098 0.0220411 0.7605 4.09789 1.45008 -3.10727 0.164348 -0.0853607 0.043083 0.981757 -0.124817 -0.0627098 0.0220411 0.7605 4.09789 1.45008 -3.10727 0 -0.01 0.01 0.00021035 0 -0.01 0.01 0.00021035 0 -0.01 0.01 0.00021035 0 -0.01 0.01 0.00021035 0.07
-8.45746 -40.6207 15.6521 -2.95625e-18 -4.27123e-20 -0.0144466 0.999896 2.26483 -0.638628 -5.96671 0.0515252 -0.0555115 8.94247e-18 0.154224 -0.0925328 0.0460835 0.982613 -0.363811 -0.318664 0.0214953 0.881203 3.85068 1.56455 -3.06905 0.154224 -0.0925328 0.0460835 0.982613 -0.363811 -0.318664 0.0214953 0.881203 3.85068 1.56455 -3.06905 0.154224 -0.0925328 0.0460835 0.982613 -0.363811 -0.318664 0.0214953 0.881203 3.85068 1.56455 -3.06905 0.154224 -0.0925328 0.0460835 0.982613 -0.363811 -0.318664 0.0214953 0.881203 3.85068 1.56455 -3.06905 2.41131 -0.01 -0.01 0.000183497 2.41131 -0.01 -0.01 0.000183497 2.41131 -0.01 -0.01 0.000183497 2.41131 -0.01 -0.01 0.000183497 0.08
-8.34201 -40.6508 15.3395 -3.17687e-18 -3.87309e-20 -0.0121906 0.999926 2.35406 -0.567423 -6.53117 0.1 -0.1 9.74616e-18 0.147309 -0.0969351 0.0479967 0.983158 -0.190209 -0.0803481 0.0211392 0.964262 3.69723 1.7599 -3.06905 0.147309 -0.0969351 0.0479967 0.983158 -0.190209 -0.0803481 0.0211392 0.964262 3.69723 1.7599 -3.06905 0.147309 -0.0969351 0.0479967 0.983158 -0.190209 -0.0803481 0.0211392 0.964262 3.69723 1.7599 -3.06905 0.147309 -0.0969351 0.0479967 0.983158 -0.190209 -0.0803481 0.0211392 0.964262 3.69723 1.7599 -3.06905 0 0.00596776 0.01 0.000177533 0 0.00596776 0.01 0.000177533 0 0.00596776 0.01 0.000177533 0 0.00596776 0.01 0.000177533 0.05
-8.22303 -40.6783 15.0001 -3.44068e-18 -3.30331e-20 -0.00960034 0.999954 2.40516 -0.536315 -7.0453 0.1 -0.1 1.20815e-17 0.14544 -0.0962606 0.048617 0.983472 0.024892 0.114898 0.0197444 1.0472 3.54409 1.92105 -3.05586 0.14544 -0.0962606 0.048617 0.983472 0.024892 0.114898 0.0197444 1.0472 3.54409 1.92105 -3.05586 0.14544 -0.0962606 0.048617 0.983472 0.024892 0.114898 0.0197444 1.0472 3.54409 1.92105 -3.05586 0.14544 -0.0962606 0.048617 0.983472 0.024892 0.114898 0.0197444 1.0472 3.54409 1.92105 -3.05586 0.727094 0.01 0.01 6.48265e-05 0.727094 0.01 0.01 6.48265e-05 0.727094 0.01 0.01 6.48265e-05 0.727094 0.01 0.01 6.48265e-05 0.05
-8.03988 -40.7241 14.4115 -3.8605e-18 -2.85335e-20 -0.00739095 0.999973 2.17617 -0.598422 -7.67093 0.022727 0.1 8.77516e-18 0.152147 -0.0935745 0.0483002 0.982732 0.291173 0.0364693 0.0179084 1.0472 3.30577 1.79382 -2.89412 0.152147 -0.0935745 0.0483002 0.982732 0.291173 0.0364693 0.0179084 1.0472 3.30577 1.79382 -2.89412 0.152147 -0.0935745 0.0483002 0.982732 0.291173 0.0364693 0.0179084 1.0472 3.30577 1.79382 -2.89412 0.152147 -0.0935745 0.0483002 0.982732 0.291173 0.0364693 0.0179084 1.0472 3.30577 1.79382 -2.89412 4.21576 0.01 -0.00172304 7.32656e-05 4.21576 0.01 -0.00172304 7.32656e-05 4.21576 0.01 -0.00172304 7.32656e-05 4.21576 0.01 -0.00172304 7.32656e-05 0.08
-7.99732 -40.7362 14.2568 -3.95423e-18 -2.86541e-20 -0.00724628 0.999974 2.08017 -0.610627 -7.80578 0.00737277 0.1 8.13521e-18 0.155293 -0.0937374 0.0481857 0.98223 0.345496 -0.0429639 0.0182806 1.0472 3.24857 1.70539 -2.82436 0.155293 -0.0937374 0.0481857 0.98223 0.345496 -0.0429639 0.0182806 1.0472 3.24857 1.70539 -2.82436 0.155293 -0.0937374 0.0481857 0.98223 0.345496 -0.0429639 0.0182806 1.0472 3.24857 1.70539 -2.82436 0.155293 -0.0937374 0.0481857 0.98223 0.345496 -0.0429639 0.0182806 1.0472 3.24857 1.70539 -2.82436 6.11265 0.01 -0.01 0.00027401 6.11265 0.01 -0.01 0.00027401 6.11265 0.01 -0.01 0.00027401 6.11265 0.01 -0.01 0.00027401 0.02
-7.89114 -40.7666 13.8534 -4.17694e-18 -2.91523e-20 -0.00697919 0.999976 2.16702 -0.605752 -8.32831 0.0113978 -0.010534 9.39758e-18 0.160575 -0.0971726 0.0486658 0.981022 0.102331 -0.215924 0.0204129 1.0472 3.10754 1.90174 -2.81691 0.160575 -0.0971726 0.0486658 0.981022 0.102331 -0.215924 0.0204129 1.0472 3.10754 1.90174 -2.81691 0.160575 -0.0971726 0.0486658 0.981022 0.102331 -0.215924 0.0204129 1.0472 3.10754 1.90174 -2.81691 0.160575 -0.0971726 0.0486658 0.981022 0.102331 -0.215924 0.0204129 1.0472 3.10754 1.90174 -2.81691 0.237689 -0.01 -0.01 0.000406883 0.237689 -0.01 -0.01 0.000406883 0.237689 -0.01 -0.01 0.000406883 0.237689 -0.01 -0.01 0.000406883 0.05
-7.71146 -40.8157 13.1533 -4.56823e-18 -3.18046e-20 -0.00696197 0.999976 2.32372 -0.627768 -9.17272 -0.0179959 -0.1 1.04109e-17 0.157807 -0.1098 0.0519049 0.979973 -0.198692 -0.430039 0.0249156 1.0472 2.88219 2.24357 -2.81691 0.157807 -0.1098 0.0519049 0.979973 -0.198692 -0.430039 0.0249156 1.0472 2.88219 2.24357 -2.81691 0.157807 -0.1098 0.0519049 0.979973 -0.198692 -0.430039 0.0249156 1.0472 2.88219 2.24357 -2.81691 0.157807 -0.1098 0.0519049 0.979973 -0.198692 -0.430039 0.0249156 1.0472 2.88219 2.24357 -2.81691 0 -0.01 -0.01 0.000508658 0 -0.01 -0.01 0.000508658 0 -0.01 -0.01 0.000508658 0 -0.01 -0.01 0.000508658 0.08
-7.53353 -40.8613 12.3084 -4.94697e-18 -1.58177e-20 -0.00319753 0.999995 1.65154 -0.365536 -9.60934 0.1 0.1 2.36578e-18 0.156352 -0.132554 0.0567371 0.977121 0.1627 -0.601876 0.0281833 1.0472 2.66132 1.13866 -2.07985 0.156352 -0.132554 0.0567371 0.977121 0.1627 -0.601876 0.0281833 1.0472 2.66132 1.13866 -2.07985 0.156352 -0.132554 0.0567371 0.977121 0.1627 -0.601876 0.0281833 1.0472 2.66132 1.13866 -2.07985 0.156352 -0.132554 0.0567371 0.977121 0.1627 -0.601876 0.0281833 1.0472 2.66132 1.13866 -2.07985 10.8846 0.01 -0.01 0.000447523 10.8846 0.01 -0.01 0.000447523 10.8846 0.01 -0.01 0.000447523 10.8846 0.01 -0.01 0.000447523 0.09
-7.38462 -40.8882 11.3175 -5.04703e-18 1.20609e-20 0.00238956 0.999997 1.34021 -0.168147 -10 0.1 0.1 -9.52801e-19 0.15362 -0.147864 0.0609952 0.975098 -0.219582 -0.0751972 0.0301352 1.0472 2.4809 0.52437 -1.52402 0.15362 -0.147864 0.0609952 0.975098 -0.219582 -0.0751972 0.0301352 1.0472 2.4809 0.52437 -1.52402 0.15362 -0.147864 0.0609952 0.975098 -0.219582 -0.0751972 0.0301352 1.0472 2.4809 0.52437 -1.52402 0.15362 -0.147864 0.0609952 0.975098 -0.219582 -0.0751972 0.0301352 1.0472 2.4809 0.52437 -1.52402 6.75938 -0.01 0.01 0.000389512 6.75938 -0.01 0.01 0.000389512 6.75938 -0.01 0.01 0.000389512 6.75938 -0.01 0.01 0.000389512 0.1
-7.2937 -40.8977 10.6145 -5.06965e-18 3.08369e-20 0.00608239 0.999982 1.26093 -0.103515 -10 0.1 0.1 -1.34313e-20 0.151723 -0.145453 0.0620529 0.975691 0.0774018 0.186627 0.0314292 1.0472 2.38334 0.324728 -1.26387 0.151723 -0.145453 0.0620529 0.975691 0.0774018 0.186627 0.0314292 1.0472 2.38334 0.324728 -1.26387 0.151723 -0.145453 0.0620529 0.975691 0.0774018 0.186627 0.0314292 1.0472 2.38334 0.324728 -1.26387 0.151723 -0.145453 0.0620529 0.975691 0.0774018 0.186627 0.0314292 1.0472 2.38334 0.324728 -1.26387 4.49568 0.01 0.01 0.000400403 4.49568 0.01 0.01 0.000400403 4.49568 0.01 0.01 0.000400403 4.49568 0.01 0.01 0.000400403 0.07
-7.24409 -40.901 10.2128 -5.08357e-18 4.16653e-20 0.00819566 0.999966 1.22055 -0.0656997 -10 0.1 0.1 -2.03893e-19 0.152043 -0.140504 0.0619437 0.976373 -0.0814106 0.306521 0.0336511 1.0472 2.33587 0.189658 -1.11051 0.152043 -0.140504 0.0619437 0.976373 -0.0814106 0.306521 0.0336511 1.0472 2.33587 0.189658 -1.11051 0.152043 -0.140504 0.0619437 0.976373 -0.0814106 0.306521 0.0336511 1.0472 2.33587 0.189658 -1.11051 0.152043 -0.140504 0.0619437 0.976373 -0.0814106 0.306521 0.0336511 1.0472 2.33587 0.189658 -1.11051 4.7115 -0.01 0.01 0.000603291 4.7115 -0.01 0.01 0.000603291 4.7115 -0.01 0.01 0.000603291 4.7115 -0.01 0.01 0.000603291 0.04
-7.1947 -40.9043 9.81082 -5.09629e-18 4.99436e-20 0.00979939 0.999952 1.24882 -0.0989988 -10 0.0598773 0.0631407 -1.22388e-19 0.149634 -0.133197 0.0619502 0.977768 -0.216814 0.408742 0.0357863 1.0472 2.29234 0.266922 -1.06616 0.149634 -0.133197 0.0619502 0.977768 -0.216814 0.408742 0.0357863 1.0472 2.29234 0.266922 -1.06616 0.149634 -0.133197 0.0619502 0.977768 -0.216814 0.408742 0.0357863 1.0472 2.29234 0.266922 -1.06616 0.149634 -0.133197 0.0619502 0.977768 -0.216814 0.408742 0.0357863 1.0472 2.29234 0.266922 -1.06616 1.40537 -0.01 0.01 0.000614226 1.40537 -0.01 0.01 0.000614226 1.40537 -0.01 0.01 0.000614226 1.40537 -0.01 0.01 0.000614226 0.04
-7.07711 -40.9198 8.90608 -5.15174e-18 4.39066e-20 0.00852225 0.999964 1.36182 -0.247179 -10 -0.1 -0.0795262 1.99392e-18 0.136167 -0.109798 0.0622622 0.982612 -0.452935 0.587 0.0410449 1.0472 2.19639 0.649725 -1.06616 0.136167 -0.109798 0.0622622 0.982612 -0.452935 0.587 0.0410449 1.0472 2.19639 0.649725 -1.06616 0.136167 -0.109798 0.0622622 0.982612 -0.452935 0.587 0.0410449 1.0472 2.19639 0.649725 -1.06616 0.136167 -0.109798 0.0622622 0.982612 -0.452935 0.587 0.0410449 1.0472 2.19639 0.649725 -1.06616 0 -0.01 0.01 0.00067709 0 -0.01 0.01 0.00067709 0 -0.01 0.01 0.00067709 0 -0.01 0.01 0.00067709 0.09
-7.02275 -40.9296 8.50423 -5.17513e-18 3.40034e-20 0.00657027 0.999978 1.35639 -0.242765 -10 -0.0952883 -0.0762658 1.97012e-18 0.127111 -0.0998855 0.0628719 0.984842 -0.533574 0.353071 0.0415409 1.0472 2.1555 0.57458 -0.979252 0.127111 -0.0998855 0.0628719 0.984842 -0.533574 0.353071 0.0415409 1.0472 2.1555 0.57458 -0.979252 0.127111 -0.0998855 0.0628719 0.984842 -0.533574 0.353071 0.0415409 1.0472 2.1555 0.57458 -0.979252 0.127111 -0.0998855 0.0628719 0.984842 -0.533574 0.353071 0.0415409 1.0472 2.1555 0.57458 -0.979252 3.49968 -0.01 -0.01 0.000474959 3.49968 -0.01 -0.01 0.000474959 3.49968 -0.01 -0.01 0.000474959 3.49968 -0.01 -0.01 0.000474959 0.04
-6.98157 -40.9377 8.20265 -5.19504e-18 2.56301e-20 0.00493339 0.999988 1.38859 -0.295806 -10 -0.1 -0.1 2.99099e-18 0.119149 -0.0952058 0.0638046 0.98624 -0.586153 0.200545 0.042983 1.0472 2.12613 0.702247 -0.979252 0.119149 -0.0952058 0.0638046 0.98624 -0.586153 0.200545 0.042983 1.0472 2.12613 0.702247 -0.979252 0.119149 -0.0952058 0.0638046 0.98624 -0.586153 0.200545 0.042983 1.0472 2.12613 0.702247 -0.979252 0.119149 -0.0952058 0.0638046 0.98624 -0.586153 0.200545 0.042983 1.0472 2.12613 0.702247 -0.979252 0 -0.01 -0.01 0.00066305 0 -0.01 -0.01 0.00066305 0 -0.01 -0.01 0.00066305 0 -0.01 -0.01 0.00066305 0.03
-6.89644 -40.9587 7.5995 -5.25404e-18 8.42797e-21 0.00160396 0.999999 1.448 -0.404423 -10 -0.1 -0.1 3.82442e-18 0.10111 -0.0852646 0.0658989 0.989022 -0.674197 0.370625 0.0464704 1.0472 2.06737 0.957721 -0.979252 0.10111 -0.0852646 0.0658989 0.989022 -0.674197 0.370625 0.0464704 1.0472 2.06737 0.957721 -0.979252 0.10111 -0.0852646 0.0658989 0.989022 -0.674197 0.370625 0.0464704 1.0472 2.06737 0.957721 -0.979252 0.10111 -0.0852646 0.0658989 0.989022 -0.674197 0.370625 0.0464704 1.0472 2.06737 0.957721 -0.979252 0 -0.01 0.01 0.000738229 0 -0.01 0.01 0.000738229 0 -0.01 0.01 0.000738229 0 -0.01 0.01 0.000738229 0.06
-6.75759 -40.9879 6.59558 -5.42582e-18 1.61793e-20 0.00298176 0.999996 1.32925 -0.172376 -10 0.1 0.0342085 4.17487e-18 0.0666612 -0.0587455 0.0689878 0.993653 -0.781317 0.577556 0.0514917 1.0472 1.98376 0.169056 -0.71168 0.0666612 -0.0587455 0.0689878 0.993653 -0.781317 0.577556 0.0514917 1.0472 1.98376 0.169056 -0.71168 0.0666612 -0.0587455 0.0689878 0.993653 -0.781317 0.577556 0.0514917 1.0472 1.98376 0.169056 -0.71168 0.0666612 -0.0587455 0.0689878 0.993653 -0.781317 0.577556 0.0514917 1.0472 1.98376 0.169056 -0.71168 6.77884 -0.01 0.01 0.000741712 6.77884 -0.01 0.01 0.000741712 6.77884 -0.01 0.01 0.000741712 6.77884 -0.01 0.01 0.000741712 0.1
-6.71816 -40.9921 6.29438 -5.49673e-18 2.57003e-20 0.00467538 0.999989 1.29972 -0.107429 -10 0.1 0.0672637 4.17487e-18 0.0572051 -0.0490156 0.0697577 0.994715 -0.580516 0.625176 0.0523754 1.0472 1.96321 -0.0311255 -0.659783 0.0572051 -0.0490156 0.0697577 0.994715 -0.580516 0.625176 0.0523754 1.0472 1.96321 -0.0311255 -0.659783 0.0572051 -0.0490156 0.0697577 0.994715 -0.580516 0.625176 0.0523754 1.0472 1.96321 -0.0311255 -0.659783 0.0572051 -0.0490156 0.0697577 0.994715 -0.580516 0.625176 0.0523754 1.0472 1.96321 -0.0311255 -0.659783 6.10103 0.01 0.01 0.000666659 6.10103 0.01 0.01 0.000666659 6.10103 0.01 0.01 0.000666659 6.10103 0.01 0.01 0.000666659 0.03
-6.69272 -40.9929 6.09387 -5.54944e-18 3.36961e-20 0.00607173 0.999982 1.2446 0.0251323 -10 0.1 0.1 4.17487e-18 0.0516845 -0.0429765 0.0702506 0.995262 -0.612665 0.500626 0.0533244 1.04298 1.95063 -0.390709 -0.599732 0.0516845 -0.0429765 0.0702506 0.995262 -0.612665 0.500626 0.0533244 1.04298 1.95063 -0.390709 -0.599732 0.0516845 -0.0429765 0.0702506 0.995262 -0.612665 0.500626 0.0533244 1.04298 1.95063 -0.390709 -0.599732 0.0516845 -0.0429765 0.0702506 0.995262 -0.612665 0.500626 0.0533244 1.04298 1.95063 -0.390709 -0.599732 12.4291 -0.01 -0.01 0.000765773 12.4291 -0.01 -0.01 0.000765773 12.4291 -0.01 -0.01 0.000765773 12.4291 -0.01 -0.01 0.000765773 0.02
-6.62229 -40.9807 5.49226 -5.69638e-18 5.79071e-20 0.010165 0.999948 1.10209 0.390585 -10 0.1 0.1 2.8708e-18 0.0359322 -0.0267505 0.0718507 0.996409 -0.520779 0.500162 0.0577137 0.992058 1.91855 -1.30163 -0.478678 0.0359322 -0.0267505 0.0718507 0.996409 -0.520779 0.500162 0.0577137 0.992058 1.91855 -1.30163 -0.478678 0.0359322 -0.0267505 0.0718507 0.996409 -0.520779 0.500162 0.0577137 0.992058 1.91855 -1.30163 -0.478678 0.0359322 -0.0267505 0.0718507 0.996409 -0.520779 0.500162 0.0577137 0.992058 1.91855 -1.30163 -0.478678 10.9962 -0.00180757 0.00498444 0.000921404 10.9962 -0.00180757 0.00498444 0.000921404 10.9962 -0.00180757 0.00498444 0.000921404 10.9962 -0.00180757 0.00498444 0.000921404 0.06
-6.56987 -40.9538 4.99106 -5.78369e-18 7.84531e-20 0.0135632 0.999908 0.994384 0.689999 -10 0.1 0.1 2.1699e-18 0.0271784 -0.0170457 0.0732666 0.996796 -0.245936 0.229045 0.0620576 0.910949 1.89614 -1.93669 -0.421837 0.0271784 -0.0170457 0.0732666 0.996796 -0.245936 0.229045 0.0620576 0.910949 1.89614 -1.93669 -0.421837 0.0271784 -0.0170457 0.0732666 0.996796 -0.245936 0.229045 0.0620576 0.910949 1.89614 -1.93669 -0.421837 0.0271784 -0.0170457 0.0732666 0.996796 -0.245936 0.229045 0.0620576 0.910949 1.89614 -1.93669 -0.421837 9.9253 0.01 -0.01 0.00103361 9.9253 0.01 -0.01 0.00103361 9.9253 0.01 -0.01 0.00103361 9.9253 0.01 -0.01 0.00103361 0.05
-6.49203 -40.8189 4.00925 -5.9648e-18 1.34514e-19 0.0225455 0.999746 0.569691 2.01234 -9.48447 0.1 0.1 2.1699e-18 0.0259008 -0.0161858 0.0766232 0.996592 0.163714 -0.175051 0.0721939 0.603049 1.86106 -4.11648 -0.281815 0.0259008 -0.0161858 0.0766232 0.996592 0.163714 -0.175051 0.0721939 0.603049 1.86106 -4.11648 -0.281815 0.0259008 -0.0161858 0.0766232 0.996592 0.163714 -0.175051 0.0721939 0.603049 1.86106 -4.11648 -0.281815 0.0259008 -0.0161858 0.0766232 0.996592 0.163714 -0.175051 0.0721939 0.603049 1.86106 -4.11648 -0.281815 17.3758 0.01 -0.01 0.00117976 17.3758 0.01 -0.01 0.00117976 17.3758 0.01 -0.01 0.00117976 17.3758 0.01 -0.01 0.00117976 0.1
-6.47655 -40.7531 3.72951 -6.00909e-18 1.50943e-19 0.0251111 0.999685 0.464952 2.36215 -9.14773 0.1 0.1 2.44096e-19 0.0288283 -0.0197265 0.0777562 0.99636 0.257985 -0.268044 0.0747928 0.472067 1.85329 -4.60056 -0.234937 0.0288283 -0.0197265 0.0777562 0.99636 0.257985 -0.268044 0.0747928 0.472067 1.85329 -4.60056 -0.234937 0.0288283 -0.0197265 0.0777562 0.99636 0.257985 -0.268044 0.0747928 0.472067 1.85329 -4.60056 -0.234937 0.0288283 -0.0197265 0.0777562 0.99636 0.257985 -0.268044 0.0747928 0.472067 1.85329 -4.60056 -0.234937 16.9234 0.01 -0.01 0.00116822 16.9234 0.01 -0.01 0.00116822 16.9234 0.01 -0.01 0.00116822 16.9234 0.01 -0.01 0.00116822 0.03
-6.46839 -40.702 3.55335 -6.01954e-18 1.64211e-19 0.0272695 0.999628 0.354698 2.74101 -8.45559 0.1 0.1 -2.5595e-18 0.0307569 -0.0220472 0.0785311 0.996193 0.161575 -0.170863 0.0764422 0.374892 1.84921 -5.10189 -0.17193 0.0307569 -0.0220472 0.0785311 0.996193 0.161575 -0.170863 0.0764422 0.374892 1.84921 -5.10189 -0.17193 0.0307569 -0.0220472 0.0785311 0.996193 0.161575 -0.170863 0.0764422 0.374892 1.84921 -5.10189 -0.17193 0.0307569 -0.0220472 0.0785311 0.996193 0.161575 -0.170863 0.0764422 0.374892 1.84921 -5.10189 -0.17193 29.6946 -0.01 0.01 0.00116859 29.6946 -0.01 0.01 0.00116859 29.6946 -0.01 0.01 0.00116859 29.6946 -0.01 0.01 0.00116859 0.02
-6.45532 -40.5488 3.17695 -5.93289e-18 1.86941e-19 0.0314936 0.999504 0.196612 3.28948 -6.54187 0.1 0.1 -6.41111e-18 0.0366539 -0.0239912 0.080403 0.995799 0.313099 0.0407409 0.0812514 0.0979374 1.84472 -5.86726 -0.00490601 0.0366539 -0.0239912 0.080403 0.995799 0.313099 0.0407409 0.0812514 0.0979374 1.84472 -5.86726 -0.00490601 0.0366539 -0.0239912 0.080403 0.995799 0.313099 0.0407409 0.0812514 0.0979374 1.84472 -5.86726 -0.00490601 0.0366539 -0.0239912 0.080403 0.995799 0.313099 0.0407409 0.0812514 0.0979374 1.84472 -5.86726 -0.00490601 28.3585 0.01 0.01 0.00126979 28.3585 0.01 0.01 0.00126979 28.3585 0.01 0.01 0.00126979 28.3585 0.01 0.01 0.00126979 0.05
-6.42923 -40.2431 2.71157 -5.62319e-18 1.6032e-19 0.028499 0.999594 0.447883 2.40476 -2.90472 -0.1 -0.1 -6.41111e-18 0.0475256 -0.0142303 0.0839145 0.995237 0.099742 0.356134 0.0867799 -0.483934 1.86006 -5.32466 0.299049 0.0475256 -0.0142303 0.0839145 0.995237 0.099742 0.356134 0.0867799 -0.483934 1.86006 -5.32466 0.299049 0.0475256 -0.0142303 0.0839145 0.995237 0.099742 0.356134 0.0867799 -0.483934 1.86006 -5.32466 0.299049 0.0475256 -0.0142303 0.0839145 0.995237 0.099742 0.356134 0.0867799 -0.483934 1.86006 -5.32466 0.299049 26.7089 -0.0033582 0.01 0.0011175 26.7089 -0.0033582 0.01 0.0011175 26.7089 -0.0033582 0.01 0.0011175 26.7089 -0.0033582 0.01 0.0011175 0.1
-6.3885 -40.1445 2.5924 -5.46045e-18 1.13607e-19 0.0208008 0.999784 0.933414 0.824812 -1.20402 -0.1 -0.1 -3.60752e-18 0.0474238 -0.00789059 0.0862732 0.995111 -0.134222 0.067624 0.09088 -0.757467 1.88258 -3.66425 0.445077 0.0474238 -0.00789059 0.0862732 0.995111 -0.134222 0.067624 0.09088 -0.757467 1.88258 -3.66425 0.445077 0.0474238 -0.00789059 0.0862732 0.995111 -0.134222 0.067624 0.09088 -0.757467 1.88258 -3.66425 0.445077 0.0474238 -0.00789059 0.0862732 0.995111 -0.134222 0.067624 0.09088 -0.757467 1.88258 -3.66425 0.445077 29.8605 -0.01 -0.01 0.00123039 29.8605 -0.01 -0.01 0.00123039 29.8605 -0.01 -0.01 0.00123039 29.8605 -0.01 -0.01 0.00123039 0.06
-6.36799 -40.1338 2.57243 -5.40772e-18 9.78284e-20 0.0180874 0.999836 1.11933 0.253231 -0.805624 -0.1 -0.1 -3.60752e-18 0.0457832 -0.00744189 0.0871837 0.995112 -0.200574 -0.0141969 0.0920166 -0.823785 1.89191 -2.9577 0.488268 0.0457832 -0.00744189 0.0871837 0.995112 -0.200574 -0.0141969 0.0920166 -0.823785 1.89191 -2.9577 0.488268 0.0457832 -0.00744189 0.0871837 0.995112 -0.200574 -0.0141969 0.0920166 -0.823785 1.89191 -2.9577 0.488268 0.0457832 -0.00744189 0.0871837 0.995112 -0.200574 -0.0141969 0.0920166 -0.823785 1.89191 -2.9577 0.488268 30 -0.01 -0.01 0.00119867 30 -0.01 -0.01 0.00119867 30 -0.01 -0.01 0.00119867 30 -0.01 -0.01 0.00119867 0.02
-6.23414 -40.2062 2.54234 -5.2511e-18 3.83628e-20 0.00730574 0.999973 1.86381 -1.83259 0.0374203 -0.1 -0.1 1.80422e-18 0.031699 0.000667163 0.0912186 0.995326 -0.441592 0.291572 0.0963603 -0.954818 1.94252 0.121304 0.621343 0.031699 0.000667163 0.0912186 0.995326 -0.441592 0.291572 0.0963603 -0.954818 1.94252 0.121304 0.621343 0.031699 0.000667163 0.0912186 0.995326 -0.441592 0.291572 0.0963603 -0.954818 1.94252 0.121304 0.621343 0.031699 0.000667163 0.0912186 0.995326 -0.441592 0.291572 0.0963603 -0.954818 1.94252 0.121304 0.621343 25.6541 -0.01 0.01 0.00118385 25.6541 -0.01 0.01 0.00118385 25.6541 -0.01 0.01 0.00118385 25.6541 -0.01 0.01 0.00118385 0.09
-6.10797 -40.3519 2.55504 -5.50361e-18 3.92433e-21 0.000713171 1 2.35032 -3.02182 0.410346 -0.1 -0.1 1.25188e-17 0.0240669 0.0102276 0.0938673 0.995241 -0.134901 0.291145 0.0995026 -0.889717 1.98054 2.03389 0.636283 0.0240669 0.0102276 0.0938673 0.995241 -0.134901 0.291145 0.0995026 -0.889717 1.98054 2.03389 0.636283 0.0240669 0.0102276 0.0938673 0.995241 -0.134901 0.291145 0.0995026 -0.889717 1.98054 2.03389 0.636283 0.0240669 0.0102276 0.0938673 0.995241 -0.134901 0.291145 0.0995026 -0.889717 1.98054 2.03389 0.636283 23.301 0.01 0.00289566 0.00124149 23.301 0.01 0.00289566 0.00124149 23.301 0.01 0.00289566 0.00124149 23.301 0.01 0.00289566 0.00124149 0.06
-5.97895 -40.5289 2.58845 -5.87751e-18 -2.89034e-20 -0.00491752 0.999988 2.81628 -4.05533 0.97696 -0.1 -0.1 1.40305e-17 0.0237184 0.0145987 0.0962615 0.994966 0.0702041 0.0578031 0.101619 -0.749488 2.01187 3.53791 0.614036 0.0237184 0.0145987 0.0962615 0.994966 0.0702041 0.0578031 0.101619 -0.749488 2.01187 3.53791 0.614036 0.0237184 0.0145987 0.0962615 0.994966 0.0702041 0.0578031 0.101619 -0.749488 2.01187 3.53791 0.614036 0.0237184 0.0145987 0.0962615 0.994966 0.0702041 0.0578031 0.101619 -0.749488 2.01187 3.53791 0.614036 24.1408 0.01 -0.01 0.0012174 24.1408 0.01 -0.01 0.0012174 24.1408 0.01 -0.01 0.0012174 24.1408 0.01 -0.01 0.0012174 0.05
-5.75867 -40.8603 2.70261 -6.45373e-18 -7.99451e-20 -0.0123862 0.999923 3.45784 -5.35175 2.427 -0.1 -0.1 1.42743e-17 0.0299702 0.0113632 0.0999945 0.994472 0.296621 -0.199786 0.103345 -0.442337 2.05376 5.09883 0.590102 0.0299702 0.0113632 0.0999945 0.994472 0.296621 -0.199786 0.103345 -0.442337 2.05376 5.09883 0.590102 0.0299702 0.0113632 0.0999945 0.994472 0.296621 -0.199786 0.103345 -0.442337 2.05376 5.09883 0.590102 0.0299702 0.0113632 0.0999945 0.994472 0.296621 -0.199786 0.103345 -0.442337 2.05376 5.09883 0.590102 24.242 0.01 -0.01 0.00114834 24.242 0.01 -0.01 0.00114834 24.242 0.01 -0.01 0.00114834 24.242 0.01 -0.01 0.00114834 0.07
-5.6881 -40.97 2.75633 -6.59939e-18 -9.36781e-20 -0.0141932 0.999899 3.5946 -5.61013 2.9549 -0.1 -0.1 1.70779e-17 0.0321764 0.00885247 0.101126 0.994314 0.197251 -0.261113 0.104599 -0.337638 2.06559 5.35701 0.594539 0.0321764 0.00885247 0.101126 0.994314 0.197251 -0.261113 0.104599 -0.337638 2.06559 5.35701 0.594539 0.0321764 0.00885247 0.101126 0.994314 0.197251 -0.261113 0.104599 -0.337638 2.06559 5.35701 0.594539 0.0321764 0.00885247 0.101126 0.994314 0.197251 -0.261113 0.104599 -0.337638 2.06559 5.35701 0.594539 23.1443 -0.01 -0.01 0.00135326 23.1443 -0.01 -0.01 0.00135326 23.1443 -0.01 -0.01 0.00135326 23.1443 -0.01 -0.01 0.00135326 0.02
-5.31691 -41.5526 3.17081 -7.31315e-18 -1.40633e-19 -0.0192263 0.999815 3.67452 -5.77034 5.34975 0.044103 -0.0118264 1.58743e-17 0.0302532 -0.00317129 0.106894 0.993805 -0.196392 -0.234604 0.110292 0.212134 2.12866 5.32902 0.682475 0.0302532 -0.00317129 0.106894 0.993805 -0.196392 -0.234604 0.110292 0.212134 2.12866 5.32902 0.682475 0.0302532 -0.00317129 0.106894 0.993805 -0.196392 -0.234604 0.110292 0.212134 2.12866 5.32902 0.682475 0.0302532 -0.00317129 0.106894 0.993805 -0.196392 -0.234604 0.110292 0.212134 2.12866 5.32902 0.682475 19.894 -0.01 -0.00180487 0.00136005 19.894 -0.01 -0.00180487 0.00136005 19.894 -0.01 -0.00180487 0.00136005 19.894 -0.01 -0.00180487 0.00136005 0.1
-5.14241 -41.8267 3.48018 -7.72835e-18 -1.1733e-19 -0.0151798 0.999885 3.26083 -5.13518 6.96144 0.1 0.1 1.43625e-17 0.0239207 -0.0100965 0.109903 0.993603 -0.246354 -0.37293 0.112383 0.457845 2.16509 4.41481 0.778432 0.0239207 -0.0100965 0.109903 0.993603 -0.246354 -0.37293 0.112383 0.457845 2.16509 4.41481 0.778432 0.0239207 -0.0100965 0.109903 0.993603 -0.246354 -0.37293 0.112383 0.457845 2.16509 4.41481 0.778432 0.0239207 -0.0100965 0.109903 0.993603 -0.246354 -0.37293 0.112383 0.457845 2.16509 4.41481 0.778432 26.8006 -0.00472847 -0.01 0.00132262 26.8006 -0.00472847 -0.01 0.00132262 26.8006 -0.00472847 -0.01 0.00132262 26.8006 -0.00472847 -0.01 0.00132262 0.05
-4.9067 -42.2079 4.2197 -8.34229e-18 -4.3626e-20 -0.00522925 0.999986 1.90709 -3.29177 9.26769 0.1 0.1 1.30584e-17 0.0171614 -0.0161805 0.115235 0.993058 -0.0374198 0.0409928 0.115771 0.730821 2.24575 1.48443 1.01877 0.0171614 -0.0161805 0.115235 0.993058 -0.0374198 0.0409928 0.115771 0.730821 2.24575 1.48443 1.01877 0.0171614 -0.0161805 0.115235 0.993058 -0.0374198 0.0409928 0.115771 0.730821 2.24575 1.48443 1.01877 0.0171614 -0.0161805 0.115235 0.993058 -0.0374198 0.0409928 0.115771 0.730821 2.24575 1.48443 1.01877 29.9004 0.00446654 0.01 0.00132952 29.9004 0.00446654 0.01 0.00132952 29.9004 0.00446654 0.01 0.00132952 29.9004 0.00446654 0.01 0.00132952 0.09
-4.81979 -42.3724 4.80286 -8.81785e-18 9.00284e-21 0.00102106 0.999999 0.977544 -2.20048 10 0.1 0.1 7.45125e-18 0.0134431 -0.0112382 0.118693 0.992776 -0.242204 0.245017 0.11698 0.760079 2.311 -0.518304 1.15001 0.0134431 -0.0112382 0.118693 0.992776 -0.242204 0.245017 0.11698 0.760079 2.311 -0.518304 1.15001 0.0134431 -0.0112382 0.118693 0.992776 -0.242204 0.245017 0.11698 0.760079 2.311 -0.518304 1.15001 0.0134431 -0.0112382 0.118693 0.992776 -0.242204 0.245017 0.11698 0.760079 2.311 -0.518304 1.15001 26.527 -0.01 0.01 0.00126461 26.527 -0.01 0.01 0.00126461 26.527 -0.01 0.01 0.00126461 26.527 -0.01 0.01 0.00126461 0.06
-4.8031 -42.4133 5.00406 -8.95476e-18 2.63397e-20 0.00294133 0.999996 0.690166 -1.89197 10 0.1 0.1 1.30584e-17 0.0117637 -0.00903985 0.119848 0.992681 -0.147003 0.149601 0.116774 0.743837 2.3343 -1.10417 1.17939 0.0117637 -0.00903985 0.119848 0.992681 -0.147003 0.149601 0.116774 0.743837 2.3343 -1.10417 1.17939 0.0117637 -0.00903985 0.119848 0.992681 -0.147003 0.149601 0.116774 0.743837 2.3343 -1.10417 1.17939 0.0117637 -0.00903985 0.119848 0.992681 -0.147003 0.149601 0.116774 0.743837 2.3343 -1.10417 1.17939 23.6739 0.01 -0.01 0.00111727 23.6739 0.01 -0.01 0.00111727 23.6739 0.01 -0.01 0.00111727 23.6739 0.01 -0.01 0.00111727 0.02
-4.80901 -42.5046 5.81341 -8.22045e-18 9.28191e-20 0.01129 0.999936 -0.830735 -0.443045 10 0.1 0.1 -3.54314e-17 0.0138262 0.00171483 0.124377 0.992137 0.166219 0.381826 0.117418 0.541258 2.43321 -3.85269 1.28312 0.0138262 0.00171483 0.124377 0.992137 0.166219 0.381826 0.117418 0.541258 2.43321 -3.85269 1.28312 0.0138262 0.00171483 0.124377 0.992137 0.166219 0.381826 0.117418 0.541258 2.43321 -3.85269 1.28312 0.0138262 0.00171483 0.124377 0.992137 0.166219 0.381826 0.117418 0.541258 2.43321 -3.85269 1.28312 30 0.01 0.01 0.0012113 30 0.01 0.01 0.0012113 30 0.01 0.01 0.0012113 30 0.01 0.01 0.0012113 0.08
-4.82916 -42.5105 6.01652 -7.86468e-18 1.03635e-19 0.0131758 0.999913 -1.1797 -0.150525 10 0.1 0.1 -4.46948e-17 0.0162992 0.00551029 0.125489 0.991946 0.230118 0.429202 0.117643 0.458519 2.45906 -4.40961 1.3014 0.0162992 0.00551029 0.125489 0.991946 0.230118 0.429202 0.117643 0.458519 2.45906 -4.40961 1.3014 0.0162992 0.00551029 0.125489 0.991946 0.230118 0.429202 0.117643 0.458519 2.45906 -4.40961 1.3014 0.0162992 0.00551029 0.125489 0.991946 0.230118 0.429202 0.117643 0.458519 2.45906 -4.40961 1.3014 30 0.01 0.01 0.00123155 30 0.01 0.01 0.00123155 30 0.01 0.01 0.00123155 30 0.01 0.01 0.00123155 0.02
-4.96457 -42.4909 6.8323 -6.19023e-18 1.18304e-19 0.0191076 0.999817 -2.0063 0.472692 10 0.1 0.1 -4.69743e-17 0.0323599 0.0241514 0.129849 0.990711 0.440356 0.585075 0.116462 0.0408685 2.56592 -5.77564 1.37269 0.0323599 0.0241514 0.129849 0.990711 0.440356 0.585075 0.116462 0.0408685 2.56592 -5.77564 1.37269 0.0323599 0.0241514 0.129849 0.990711 0.440356 0.585075 0.116462 0.0408685 2.56592 -5.77564 1.37269 0.0323599 0.0241514 0.129849 0.990711 0.440356 0.585075 0.116462 0.0408685 2.56592 -5.77564 1.37269 30 0.01 0.01 0.00109655 30 0.01 0.01 0.00109655 30 0.01 0.01 0.00109655 30 0.01 0.01 0.00109655 0.08
-5.09375 -42.4642 7.54751 -4.67861e-18 8.89589e-20 0.0190102 0.999819 -1.4614 0.172856 10 -0.1 -0.1 -4.23192e-17 0.0528882 0.0440619 0.13354 0.98865 0.576637 0.686114 0.115868 -0.364716 2.66533 -5.58968 1.48043 0.0528882 0.0440619 0.13354 0.98865 0.576637 0.686114 0.115868 -0.364716 2.66533 -5.58968 1.48043 0.0528882 0.0440619 0.13354 0.98865 0.576637 0.686114 0.115868 -0.364716 2.66533 -5.58968 1.48043 0.0528882 0.0440619 0.13354 0.98865 0.576637 0.686114 0.115868 -0.364716 2.66533 -5.58968 1.48043 30 0.01 0.01 0.00111916 30 0.01 0.01 0.00111916 30 0.01 0.01 0.00111916 30 0.01 0.01 0.00111916 0.07
-5.14837 -42.4876 8.55797 -2.68632e-18 3.09555e-20 0.0115215 0.999934 0.551488 -0.656782 10 -0.1 -0.1 -2.76081e-17 0.0873291 0.0593007 0.139771 0.984541 0.715834 0.131739 0.117177 -0.847767 2.82619 -3.79859 1.79085 0.0873291 0.0593007 0.139771 0.984541 0.715834 0.131739 0.117177 -0.847767 2.82619 -3.79859 1.79085 0.0873291 0.0593007 0.139771 0.984541 0.715834 0.131739 0.117177 -0.847767 2.82619 -3.79859 1.79085 0.0873291 0.0593007 0.139771 0.984541 0.715834 0.131739 0.117177 -0.847767 2.82619 -3.79859 1.79085 23.7352 0.01 -0.01 0.00123089 23.7352 0.01 -0.01 0.00123089 23.7352 0.01 -0.01 0.00123089 23.7352 0.01 -0.01 0.00123089 0.1
-5.11888 -42.5112 8.86005 -2.33842e-18 2.16193e-20 0.00924334 0.999957 1.41663 -0.911971 10 -0.1 -0.1 -1.68813e-17 0.0984127 0.0605982 0.141911 0.983109 0.747867 0.229615 0.118141 -0.947556 2.88274 -2.83659 1.987 0.0984127 0.0605982 0.141911 0.983109 0.747867 0.229615 0.118141 -0.947556 2.88274 -2.83659 1.987 0.0984127 0.0605982 0.141911 0.983109 0.747867 0.229615 0.118141 -0.947556 2.88274 -2.83659 1.987 0.0984127 0.0605982 0.141911 0.983109 0.747867 0.229615 0.118141 -0.947556 2.88274 -2.83659 1.987 27.661 0.01 0.01 0.00133736 27.661 0.01 0.01 0.00133736 27.661 0.01 0.01 0.00133736 27.661 0.01 0.01 0.00133736 0.03
-5.10313 -42.5208 8.96069 -2.26281e-18 1.92332e-20 0.00849829 0.999964 1.73246 -0.991932 10 -0.1 -0.1 -3.57086e-18 0.102057 0.0613529 0.142587 0.982593 0.679555 0.259724 0.118585 -0.974062 2.90302 -2.46305 2.06961 0.102057 0.0613529 0.142587 0.982593 0.679555 0.259724 0.118585 -0.974062 2.90302 -2.46305 2.06961 0.102057 0.0613529 0.142587 0.982593 0.679555 0.259724 0.118585 -0.974062 2.90302 -2.46305 2.06961 0.102057 0.0613529 0.142587 0.982593 0.679555 0.259724 0.118585 -0.974062 2.90302 -2.46305 2.06961 30 -0.01 0.01 0.00140557 30 -0.01 0.01 0.00140557 30 -0.01 0.01 0.00140557 30 -0.01 0.01 0.00140557 0.01
-4.94273 -42.5913 9.56346 -2.21679e-18 9.97066e-21 0.00449593 0.99999 3.60892 -1.31436 10 -0.1 -0.1 1.54874e-18 0.124346 0.0687097 0.146333 0.978981 0.747728 0.417213 0.120896 -1.0472 3.04475 -0.101281 2.69259 0.124346 0.0687097 0.146333 0.978981 0.747728 0.417213 0.120896 -1.0472 3.04475 -0.101281 2.69259 0.124346 0.0687097 0.146333 0.978981 0.747728 0.417213 0.120896 -1.0472 3.04475 -0.101281 2.69259 0.124346 0.0687097 0.146333 0.978981 0.747728 0.417213 0.120896 -1.0472 3.04475 -0.101281 2.69259 30 0.01 0.01 0.00139022 30 0.01 0.01 0.00139022 30 0.01 0.01 0.00139022 30 0.01 0.01 0.00139022 0.06
-4.72346 -42.6589 10.0655 -2.30439e-18 4.31274e-21 0.00186954 0.999998 5.16057 -1.34863 10 -0.0836459 -0.1 1.2471e-17 0.144706 0.0777909 0.149139 0.975073 0.79332 0.522538 0.123504 -1.00292 3.19633 1.85595 3.40265 0.144706 0.0777909 0.149139 0.975073 0.79332 0.522538 0.123504 -1.00292 3.19633 1.85595 3.40265 0.144706 0.0777909 0.149139 0.975073 0.79332 0.522538 0.123504 -1.00292 3.19633 1.85595 3.40265 0.144706 0.0777909 0.149139 0.975073 0.79332 0.522538 0.123504 -1.00292 3.19633 1.85595 3.40265 30 0.01 0.01 0.00148296 30 0.01 0.01 0.00148296 30 0.01 0.01 0.00148296 30 0.01 0.01 0.00148296 0.05
-4.07289 -42.7689 11.0721 -3.41848e-18 2.0641e-20 0.00603637 0.999982 7.7332 -0.686845 10 0.1 -0.1 2.34293e-17 0.171994 0.104625 0.152474 0.967586 0.203697 0.679522 0.128719 -0.659561 3.62219 4.8399 5.22062 0.171994 0.104625 0.152474 0.967586 0.203697 0.679522 0.128719 -0.659561 3.62219 4.8399 5.22062 0.171994 0.104625 0.152474 0.967586 0.203697 0.679522 0.128719 -0.659561 3.62219 4.8399 5.22062 0.171994 0.104625 0.152474 0.967586 0.203697 0.679522 0.128719 -0.659561 3.62219 4.8399 5.22062 27.4802 -0.01 0.01 0.00152278 27.4802 -0.01 0.01 0.00152278 27.4802 -0.01 0.01 0.00152278 27.4802 -0.01 0.01 0.00152278 0.1
-3.23846 -42.7907 12.083 -4.30048e-18 5.8354e-20 0.0135666 0.999908 8.66871 0.146438 10 0.1 -0.1 2.4115e-17 0.175407 0.134501 0.153509 0.963108 -0.192065 0.519135 0.133708 -0.0917274 4.24074 6.32972 7.17475 0.175407 0.134501 0.153509 0.963108 -0.192065 0.519135 0.133708 -0.0917274 4.24074 6.32972 7.17475 0.175407 0.134501 0.153509 0.963108 -0.192065 0.519135 0.133708 -0.0917274 4.24074 6.32972 7.17475 0.175407 0.134501 0.153509 0.963108 -0.192065 0.519135 0.133708 -0.0917274 4.24074 6.32972 7.17475 23.7783 -0.01 0.00191712 0.0015624 23.7783 -0.01 0.00191712 0.0015624 23.7783 -0.01 0.00191712 0.0015624 23.7783 -0.01 0.00191712 0.0015624 0.1
-2.37304 -42.8082 13.1023 -5.44098e-18 5.06443e-20 0.00930647 0.999957 8.76959 -1.04346 10 -0.1 -0.1 2.36594e-17 0.172341 0.148495 0.157284 0.960994 0.0108827 0.019661 0.13907 0.572886 5.07037 6.65408 9.22393 0.172341 0.148495 0.157284 0.960994 0.0108827 0.019661 0.13907 0.572886 5.07037 6.65408 9.22393 0.172341 0.148495 0.157284 0.960994 0.0108827 0.019661 0.13907 0.572886 5.07037 6.65408 9.22393 0.172341 0.148495 0.157284 0.960994 0.0108827 0.019661 0.13907 0.572886 5.07037 6.65408 9.22393 30 0.00425194 -0.01 0.00163286 30 0.00425194 -0.01 0.00163286 30 0.00425194 -0.01 0.00163286 30 0.00425194 -0.01 0.00163286 0.1
-1.53164 -42.9715 14.007 -6.38038e-18 3.13137e-21 0.000489752 1 10 -2.4599 10 -0.1 -0.1 2.21476e-17 0.166138 0.158277 0.160992 0.959911 -0.293887 0.315222 0.142773 1.0472 5.91714 5.61896 9.39381 0.166138 0.158277 0.160992 0.959911 -0.293887 0.315222 0.142773 1.0472 5.91714 5.61896 9.39381 0.166138 0.158277 0.160992 0.959911 -0.293887 0.315222 0.142773 1.0472 5.91714 5.61896 9.39381 0.166138 0.158277 0.160992 0.959911 -0.293887 0.315222 0.142773 1.0472 5.91714 5.61896 9.39381 19.2682 -0.01 0.01 0.00161553 19.2682 -0.01 0.01 0.00161553 19.2682 -0.01 0.01 0.00161553 19.2682 -0.01 0.01 0.00161553 0.09
-0.82026 -43.1563 14.7099 -6.00894e-18 -1.82741e-20 -0.00304165 0.999995 10 -2.57436 10 0.0523093 -0.1 -1.86635e-17 0.163251 0.173339 0.162789 0.957498 0.0211911 0.481974 0.145312 1.0472 0.264916 3.66643 8.49217 0.163251 0.173339 0.162789 0.957498 0.0211911 0.481974 0.145312 1.0472 0.264916 3.66643 8.49217 0.163251 0.173339 0.162789 0.957498 0.0211911 0.481974 0.145312 1.0472 0.264916 3.66643 8.49217 0.163251 0.173339 0.162789 0.957498 0.0211911 0.481974 0.145312 1.0472 0.264916 3.66643 8.49217 26.7416 0.01 0.01 0.00162205 26.7416 0.01 0.01 0.00162205 26.7416 0.01 0.01 0.00162205 26.7416 0.01 0.01 0.00162205 0.07
0.187913 -43.3584 15.7106 -4.7697e-18 2.51168e-20 0.00526561 0.999986 10 -1.37658 9.9761 0.1 -0.1 -2.38921e-17 0.172959 0.183571 0.169665 0.952681 0.343012 -0.00528184 0.146156 1.0472 1.01695 0.869553 6.43945 0.172959 0.183571 0.169665 0.952681 0.343012 -0.00528184 0.146156 1.0472 1.01695 0.869553 6.43945 0.172959 0.183571 0.169665 0.952681 0.343012 -0.00528184 0.146156 1.0472 1.01695 0.869553 6.43945 0.172959 0.183571 0.169665 0.952681 0.343012 -0.00528184 0.146156 1.0472 1.01695 0.869553 6.43945 23.3105 0.01 -0.01 0.00149969 23.3105 0.01 -0.01 0.00149969 23.3105 0.01 -0.01 0.00149969 23.3105 0.01 -0.01 0.00149969 0.1
0.488518 -43.3956 16.0079 -4.43085e-18 3.35062e-20 0.00756154 0.999971 10 -1.11242 9.83542 0.1 -0.1 -2.08234e-17 0.176487 0.184023 0.172349 0.951464 0.19162 0.108039 0.146547 1.0472 1.20224 0.148333 5.91438 0.176487 0.184023 0.172349 0.951464 0.19162 0.108039 0.146547 1.0472 1.20224 0.148333 5.91438 0.176487 0.184023 0.172349 0.951464 0.19162 0.108039 0.146547 1.0472 1.20224 0.148333 5.91438 0.176487 0.184023 0.172349 0.951464 0.19162 0.108039 0.146547 1.0472 1.20224 0.148333 5.91438 18.0023 -0.01 0.01 0.0015287 18.0023 -0.01 0.01 0.0015287 18.0023 -0.01 0.01 0.0015287 18.0023 -0.01 0.01 0.0015287 0.03
1.08886 -43.4485 16.5879 -3.77889e-18 4.48157e-20 0.0118583 0.99993 9.9992 -0.683018 9.47752 0.1 -0.1 -2.08234e-17 0.18407 0.189356 0.176846 0.94815 0.317016 0.297799 0.146761 1.00522 1.52411 -1.56828 4.83225 0.18407 0.189356 0.176846 0.94815 0.317016 0.297799 0.146761 1.00522 1.52411 -1.56828 4.83225 0.18407 0.189356 0.176846 0.94815 0.317016 0.297799 0.146761 1.00522 1.52411 -1.56828 4.83225 0.18407 0.189356 0.176846 0.94815 0.317016 0.297799 0.146761 1.00522 1.52411 -1.56828 4.83225 19.5326 0.00781041 0.01 0.00148435 19.5326 0.00781041 0.01 0.00148435 19.5326 0.00781041 0.01 0.00148435 19.5326 0.00781041 0.01 0.00148435 0.06
2.08319 -43.4859 17.508 -2.74173e-18 5.1381e-20 0.0187366 0.999824 9.84123 -0.0542877 9.00643 0.1 0.0317211 -2.04485e-17 0.207022 0.20669 0.183993 0.938386 0.541573 0.528675 0.147263 0.677237 1.9202 -5.01461 3.16806 0.207022 0.20669 0.183993 0.938386 0.541573 0.528675 0.147263 0.677237 1.9202 -5.01461 3.16806 0.207022 0.20669 0.183993 0.938386 0.541573 0.528675 0.147263 0.677237 1.9202 -5.01461 3.16806 0.207022 0.20669 0.183993 0.938386 0.541573 0.528675 0.147263 0.677237 1.9202 -5.01461 3.16806 21.6605 0.01 0.01 0.00149531 21.6605 0.01 0.01 0.00149531 21.6605 0.01 0.01 0.00149531 21.6605 0.01 0.01 0.00149531 0.1
3.0553 -43.4712 18.4027 -1.75436e-18 4.3541e-20 0.0248104 0.999692 9.61044 0.29817 9.09819 0.1 0.1 -2.07745e-17 0.223776 0.23427 0.187129 0.927375 0.0347217 0.683641 0.14729 0.0641746 2.19281 -7.16693 2.33382 0.223776 0.23427 0.187129 0.927375 0.0347217 0.683641 0.14729 0.0641746 2.19281 -7.16693 2.33382 0.223776 0.23427 0.187129 0.927375 0.0347217 0.683641 0.14729 0.0641746 2.19281 -7.16693 2.33382 0.223776 0.23427 0.187129 0.927375 0.0347217 0.683641 0.14729 0.0641746 2.19281 -7.16693 2.33382 15.0439 -0.01 0.01 0.00147411 15.0439 -0.01 0.01 0.00147411 15.0439 -0.01 0.01 0.00147411 15.0439 -0.01 0.01 0.00147411 0.1
3.53607 -43.4573 18.8651 -1.23942e-18 3.30144e-20 0.0266266 0.999645 9.6579 0.213732 9.42894 -0.00450488 0.0112966 -2.28633e-17 0.224277 0.249381 0.18678 0.923376 -0.152278 0.531024 0.148778 -0.311862 2.30244 -7.82847 2.0599 0.224277 0.249381 0.18678 0.923376 -0.152278 0.531024 0.148778 -0.311862 2.30244 -7.82847 2.0599 0.224277 0.249381 0.18678 0.923376 -0.152278 0.531024 0.148778 -0.311862 2.30244 -7.82847 2.0599 0.224277 0.249381 0.18678 0.923376 -0.152278 0.531024 0.148778 -0.311862 2.30244 -7.82847 2.0599 13.0273 -0.01 -0.00160828 0.00162925 13.0273 -0.01 -0.00160828 0.00162925 13.0273 -0.01 -0.00160828 0.00162925 13.0273 -0.01 -0.00160828 0.00162925 0.05
4.42566 -43.4627 19.7289 -2.58363e-19 5.41388e-21 0.0209462 0.999781 10 -0.428665 9.68237 -0.1 -0.1 -2.22174e-17 0.228899 0.275705 0.187268 0.914616 0.195121 0.672415 0.152 -1.03769 2.47317 -8.1319 1.75753 0.228899 0.275705 0.187268 0.914616 0.195121 0.672415 0.152 -1.03769 2.47317 -8.1319 1.75753 0.228899 0.275705 0.187268 0.914616 0.195121 0.672415 0.152 -1.03769 2.47317 -8.1319 1.75753 0.228899 0.275705 0.187268 0.914616 0.195121 0.672415 0.152 -1.03769 2.47317 -8.1319 1.75753 10.8334 0.01 0.01 0.0016834 10.8334 0.01 0.01 0.0016834 10.8334 0.01 0.01 0.0016834 10.8334 0.01 0.01 0.0016834 0.09
5.43211 -43.5516 20.6883 7.30764e-19 -9.69925e-21 0.0132726 0.999912 10 -1.31629 9.50671 -0.1 -0.1 -1.92061e-17 0.23286 0.310753 0.185436 0.902675 -0.197821 0.780121 0.15244 -1.0472 2.63892 -7.8738 1.58415 0.23286 0.310753 0.185436 0.902675 -0.197821 0.780121 0.15244 -1.0472 2.63892 -7.8738 1.58415 0.23286 0.310753 0.185436 0.902675 -0.197821 0.780121 0.15244 -1.0472 2.63892 -7.8738 1.58415 0.23286 0.310753 0.185436 0.902675 -0.197821 0.780121 0.15244 -1.0472 2.63892 -7.8738 1.58415 10.91 -0.01 0.01 0.00154429 10.91 -0.01 0.01 0.00154429 10.91 -0.01 0.01 0.00154429 10.91 -0.01 0.01 0.00154429 0.1
5.63408 -43.5801 20.8788 8.69271e-19 -1.01047e-20 0.0116262 0.999932 10 -1.53024 9.54326 -0.1 -0.1 -9.78342e-18 0.23233 0.317799 0.184687 0.900509 -0.106022 0.643696 0.153624 -1.0472 2.67036 -7.79566 1.5619 0.23233 0.317799 0.184687 0.900509 -0.106022 0.643696 0.153624 -1.0472 2.67036 -7.79566 1.5619 0.23233 0.317799 0.184687 0.900509 -0.106022 0.643696 0.153624 -1.0472 2.67036 -7.79566 1.5619 0.23233 0.317799 0.184687 0.900509 -0.106022 0.643696 0.153624 -1.0472 2.67036 -7.79566 1.5619 14.7526 0.01 -0.01 0.00182632 14.7526 0.01 -0.01 0.00182632 14.7526 0.01 -0.01 0.00182632 14.7526 0.01 -0.01 0.00182632 0.02
5.83615 -43.6128 21.0702 9.92319e-19 -9.91794e-21 0.00999771 0.99995 10 -1.73791 9.58807 -0.1 -0.1 -1.53906e-17 0.232481 0.324187 0.184345 0.898261 -0.0212588 0.671003 0.154778 -1.0472 2.70145 -7.72005 1.54805 0.232481 0.324187 0.184345 0.898261 -0.0212588 0.671003 0.154778 -1.0472 2.70145 -7.72005 1.54805 0.232481 0.324187 0.184345 0.898261 -0.0212588 0.671003 0.154778 -1.0472 2.70145 -7.72005 1.54805 0.232481 0.324187 0.184345 0.898261 -0.0212588 0.671003 0.154778 -1.0472 2.70145 -7.72005 1.54805 15.1492 0.01 0.01 0.00183048 15.1492 0.01 0.01 0.00183048 15.1492 0.01 0.01 0.00183048 15.1492 0.01 0.01 0.00183048 0.02
6.43986 -43.7269 21.6403 1.43619e-18 -8.65497e-21 0.00602893 0.999982 10 -2.05508 9.41482 -0.1 -0.1 -1.41471e-17 0.231334 0.344976 0.182302 0.891203 -0.229481 0.740995 0.15795 -1.0472 2.79436 -7.70548 1.55769 0.231334 0.344976 0.182302 0.891203 -0.229481 0.740995 0.15795 -1.0472 2.79436 -7.70548 1.55769 0.231334 0.344976 0.182302 0.891203 -0.229481 0.740995 0.15795 -1.0472 2.79436 -7.70548 1.55769 0.231334 0.344976 0.182302 0.891203 -0.229481 0.740995 0.15795 -1.0472 2.79436 -7.70548 1.55769 9.36636 -0.01 0.01 0.00182831 9.36636 -0.01 0.01 0.00182831 9.36636 -0.01 0.01 0.00182831 9.36636 -0.01 0.01 0.00182831 0.06
6.54067 -43.7478 21.7344 1.52249e-18 -8.14023e-21 0.00534913 0.999986 10 -2.11385 9.40672 -0.1 -0.1 -2.10101e-17 0.230613 0.348528 0.181766 0.890116 -0.259595 0.672952 0.158382 -1.0472 2.80997 -7.69672 1.56588 0.230613 0.348528 0.181766 0.890116 -0.259595 0.672952 0.158382 -1.0472 2.80997 -7.69672 1.56588 0.230613 0.348528 0.181766 0.890116 -0.259595 0.672952 0.158382 -1.0472 2.80997 -7.69672 1.56588 0.230613 0.348528 0.181766 0.890116 -0.259595 0.672952 0.158382 -1.0472 2.80997 -7.69672 1.56588 11.6083 -0.01 -0.01 0.00179773 11.6083 -0.01 -0.01 0.00179773 11.6083 -0.01 -0.01 0.00179773 11.6083 -0.01 -0.01 0.00179773 0.01
6.94341 -43.8359 22.1088 1.92986e-18 -5.43443e-21 0.00281796 0.999996 10 -2.28608 9.31072 -0.1 -0.1 -2.10101e-17 0.228048 0.362453 0.17981 0.885602 -0.187853 0.72116 0.159703 -1.0472 2.87339 -7.70379 1.60924 0.228048 0.362453 0.17981 0.885602 -0.187853 0.72116 0.159703 -1.0472 2.87339 -7.70379 1.60924 0.228048 0.362453 0.17981 0.885602 -0.187853 0.72116 0.159703 -1.0472 2.87339 -7.70379 1.60924 0.228048 0.362453 0.17981 0.885602 -0.187853 0.72116 0.159703 -1.0472 2.87339 -7.70379 1.60924 9.83345 0.00227109 0.01 0.00175555 9.83345 0.00227109 0.01 0.00175555 9.83345 0.00227109 0.01 0.00175555 9.83345 0.00227109 0.01 0.00175555 0.04
7.93105 -44.0618 22.9832 3.01568e-18 2.6867e-21 -0.000889621 1 9.75256 -2.23712 8.17963 -0.054801 0.1 -2.32728e-17 0.229676 0.382589 0.182545 0.8761 0.202699 0.155262 0.162621 -1.0472 3.03431 -8.13783 1.60924 0.229676 0.382589 0.182545 0.8761 0.202699 0.155262 0.162621 -1.0472 3.03431 -8.13783 1.60924 0.229676 0.382589 0.182545 0.8761 0.202699 0.155262 0.162621 -1.0472 3.03431 -8.13783 1.60924 0.229676 0.382589 0.182545 0.8761 0.202699 0.155262 0.162621 -1.0472 3.03431 -8.13783 1.60924 0 0.01 -0.01 0.00175801 0 0.01 -0.01 0.00175801 0 0.01 -0.01 0.00175801 0 0.01 -0.01 0.00175801 0.1
8.4164 -44.1733 23.3786 3.61591e-18 7.8817e-21 -0.00217866 0.999998 9.66167 -2.22706 7.63425 -0.0494254 0.1 -2.3352e-17 0.23524 0.38737 0.187429 0.87148 0.346792 0.307927 0.164811 -1.0472 3.11498 -8.34831 1.61768 0.23524 0.38737 0.187429 0.87148 0.346792 0.307927 0.164811 -1.0472 3.11498 -8.34831 1.61768 0.23524 0.38737 0.187429 0.87148 0.346792 0.307927 0.164811 -1.0472 3.11498 -8.34831 1.61768 0.23524 0.38737 0.187429 0.87148 0.346792 0.307927 0.164811 -1.0472 3.11498 -8.34831 1.61768 0.397743 0.01 0.01 0.00185638 0.397743 0.01 0.01 0.00185638 0.397743 0.01 0.01 0.00185638 0.397743 0.01 0.01 0.00185638 0.05
8.80086 -44.2623 23.6749 4.09128e-18 1.29413e-20 -0.00316216 0.999995 9.56203 -2.22306 7.18489 -0.0499623 0.1 -2.29223e-17 0.23922 0.390819 0.19133 0.868002 0.17318 0.115135 0.167132 -1.0472 3.17968 -8.52216 1.61768 0.23922 0.390819 0.19133 0.868002 0.17318 0.115135 0.167132 -1.0472 3.17968 -8.52216 1.61768 0.23922 0.390819 0.19133 0.868002 0.17318 0.115135 0.167132 -1.0472 3.17968 -8.52216 1.61768 0.23922 0.390819 0.19133 0.868002 0.17318 0.115135 0.167132 -1.0472 3.17968 -8.52216 1.61768 0 -0.00831006 -0.01 0.00194995 0 -0.00831006 -0.01 0.00194995 0 -0.00831006 -0.01 0.00194995 0 -0.00831006 -0.01 0.00194995 0.04
8.9916 -44.3068 23.8164 4.32416e-18 1.58895e-20 -0.00367364 0.999993 9.51238 -2.223 6.9606 -0.0525666 0.1 -2.25581e-17 0.240632 0.392123 0.193227 0.866602 0.236546 0.182949 0.167765 -1.0472 3.21204 -8.60911 1.61768 0.240632 0.392123 0.193227 0.866602 0.236546 0.182949 0.167765 -1.0472 3.21204 -8.60911 1.61768 0.240632 0.392123 0.193227 0.866602 0.236546 0.182949 0.167765 -1.0472 3.21204 -8.60911 1.61768 0.240632 0.392123 0.193227 0.866602 0.236546 0.182949 0.167765 -1.0472 3.21204 -8.60911 1.61768 0 0.01 0.01 0.00183284 0 0.01 0.01 0.00183284 0 0.01 0.01 0.00183284 0 0.01 0.01 0.00183284 0.02
9.74469 -44.485 24.3374 5.14523e-18 3.19713e-20 -0.00621289 0.999981 9.31584 -2.23567 6.06602 -0.0784276 0.1 -1.71194e-17 0.242333 0.403679 0.197085 0.859928 -0.101128 0.406068 0.171023 -1.0472 3.34145 -8.9571 1.61768 0.242333 0.403679 0.197085 0.859928 -0.101128 0.406068 0.171023 -1.0472 3.34145 -8.9571 1.61768 0.242333 0.403679 0.197085 0.859928 -0.101128 0.406068 0.171023 -1.0472 3.34145 -8.9571 1.61768 0.242333 0.403679 0.197085 0.859928 -0.101128 0.406068 0.171023 -1.0472 3.34145 -8.9571 1.61768 0 -0.01 0.01 0.00189798 0 -0.01 0.01 0.00189798 0 -0.01 0.01 0.00189798 0 -0.01 0.01 0.00189798 0.08
10.2993 -44.6198 24.6813 5.6867e-18 5.13391e-20 -0.00902682 0.999959 9.17176 -2.25842 5.39779 -0.1 0.1 -1.62159e-17 0.243533 0.416933 0.198351 0.852945 0.133131 0.532424 0.174036 -1.0472 3.43851 -9.2183 1.61768 0.243533 0.416933 0.198351 0.852945 0.133131 0.532424 0.174036 -1.0472 3.43851 -9.2183 1.61768 0.243533 0.416933 0.198351 0.852945 0.133131 0.532424 0.174036 -1.0472 3.43851 -9.2183 1.61768 0.243533 0.416933 0.198351 0.852945 0.133131 0.532424 0.174036 -1.0472 3.43851 -9.2183 1.61768 0 0.01 0.01 0.00197667 0 0.01 0.01 0.00197667 0 0.01 0.01 0.00197667 0 0.01 0.01 0.00197667 0.06
10.9365 -44.7789 25.0324 6.31405e-18 7.98582e-20 -0.012646 0.99992 9.03423 -2.28947 4.63507 -0.1 0.1 -1.64764e-17 0.250516 0.426762 0.204292 0.844619 0.344225 0.159259 0.178294 -1.0472 3.55239 -9.51779 1.63638 0.250516 0.426762 0.204292 0.844619 0.344225 0.159259 0.178294 -1.0472 3.55239 -9.51779 1.63638 0.250516 0.426762 0.204292 0.844619 0.344225 0.159259 0.178294 -1.0472 3.55239 -9.51779 1.63638 0.250516 0.426762 0.204292 0.844619 0.344225 0.159259 0.178294 -1.0472 3.55239 -9.51779 1.63638 0.258726 0.01 -0.01 0.00206629 0.258726 0.01 -0.01 0.00206629 0.258726 0.01 -0.01 0.00206629 0.258726 0.01 -0.01 0.00206629 0.07
11.5929 -44.9266 25.3468 7.09687e-18 7.33059e-20 -0.0103282 0.999947 9.70065 -1.92172 4.33836 0.1 -0.1 -2.49845e-17 0.25484 0.434948 0.209831 0.837764 0.0168889 0.36399 0.182205 -1.0472 3.69425 -9.60859 2.43672 0.25484 0.434948 0.209831 0.837764 0.0168889 0.36399 0.182205 -1.0472 3.69425 -9.60859 2.43672 0.25484 0.434948 0.209831 0.837764 0.0168889 0.36399 0.182205 -1.0472 3.69425 -9.60859 2.43672 0.25484 0.434948 0.209831 0.837764 0.0168889 0.36399 0.182205 -1.0472 3.69425 -9.60859 2.43672 9.52379 -0.01 0.01 0.00208232 9.52379 -0.01 0.01 0.00208232 9.52379 -0.01 0.01 0.00208232 9.52379 -0.01 0.01 0.00208232 0.07
11.8915 -44.9786 25.4778 7.59501e-18 5.85458e-20 -0.00770784 0.99997 10 -1.54239 4.38534 0.1 -0.1 -4.53778e-17 0.255463 0.438999 0.211514 0.835033 0.127711 0.210233 0.183389 -1.0472 3.77874 -9.53632 3.20504 0.255463 0.438999 0.211514 0.835033 0.127711 0.210233 0.183389 -1.0472 3.77874 -9.53632 3.20504 0.255463 0.438999 0.211514 0.835033 0.127711 0.210233 0.183389 -1.0472 3.77874 -9.53632 3.20504 0.255463 0.438999 0.211514 0.835033 0.127711 0.210233 0.183389 -1.0472 3.77874 -9.53632 3.20504 19.1219 0.01 -0.01 0.00202545 19.1219 0.01 -0.01 0.00202545 19.1219 0.01 -0.01 0.00202545 19.1219 0.01 -0.01 0.00202545 0.03
12.5958 -45.0567 25.7837 9.33426e-18 1.57245e-20 -0.00168403 0.999999 10 -0.695117 4.31662 0.1 -0.1 -5.81466e-17 0.259986 0.440495 0.220083 0.830623 0.340125 -0.0844741 0.186165 -1.0472 4.06816 -9.27358 5.11784 0.259986 0.440495 0.220083 0.830623 0.340125 -0.0844741 0.186165 -1.0472 4.06816 -9.27358 5.11784 0.259986 0.440495 0.220083 0.830623 0.340125 -0.0844741 0.186165 -1.0472 4.06816 -9.27358 5.11784 0.259986 0.440495 0.220083 0.830623 0.340125 -0.0844741 0.186165 -1.0472 4.06816 -9.27358 5.11784 18.0438 0.01 -0.01 0.00204636 18.0438 0.01 -0.01 0.00204636 18.0438 0.01 -0.01 0.00204636 18.0438 0.01 -0.01 0.00204636 0.07
13.4972 -45.0837 26.153 1.24769e-17 -5.90485e-20 0.00473304 0.999989 9.99605 -0.0802093 3.77625 0.1 -0.1 -7.61299e-17 0.259933 0.437472 0.230782 0.829333 -0.0639079 -0.12472 0.186799 -1.0472 4.65579 -8.39638 7.96468 0.259933 0.437472 0.230782 0.829333 -0.0639079 -0.12472 0.186799 -1.0472 4.65579 -8.39638 7.96468 0.259933 0.437472 0.230782 0.829333 -0.0639079 -0.12472 0.186799 -1.0472 4.65579 -8.39638 7.96468 0.259933 0.437472 0.230782 0.829333 -0.0639079 -0.12472 0.186799 -1.0472 4.65579 -8.39638 7.96468 18.3586 -0.01 -0.00217966 0.00190013 18.3586 -0.01 -0.00217966 0.00190013 18.3586 -0.01 -0.00217966 0.00190013 18.3586 -0.01 -0.00217966 0.00190013 0.09
13.5971 -45.0846 26.1902 1.28448e-17 -6.68171e-20 0.00520223 0.999986 9.99096 -0.093485 3.66948 0.0839984 -0.0998852 -7.61299e-17 0.259065 0.437384 0.231509 0.829448 -0.100493 -0.0807631 0.186631 -1.0472 4.73642 -8.31806 8.16107 0.259065 0.437384 0.231509 0.829448 -0.100493 -0.0807631 0.186631 -1.0472 4.73642 -8.31806 8.16107 0.259065 0.437384 0.231509 0.829448 -0.100493 -0.0807631 0.186631 -1.0472 4.73642 -8.31806 8.16107 0.259065 0.437384 0.231509 0.829448 -0.100493 -0.0807631 0.186631 -1.0472 4.73642 -8.31806 8.16107 11.566 -0.01 0.01 0.00178337 11.566 -0.01 0.01 0.00178337 11.566 -0.01 0.01 0.00178337 11.566 -0.01 0.01 0.00178337 0.01
14.5977 -45.113 26.4963 1.65553e-17 -2.89581e-20 0.0017495 0.999998 10 -0.528812 2.40012 -0.1 -0.1 -8.27148e-17 0.248953 0.446308 0.234021 0.827083 -0.240983 0.274579 0.187193 -1.0472 5.6031 -7.80645 9.06516 0.248953 0.446308 0.234021 0.827083 -0.240983 0.274579 0.187193 -1.0472 5.6031 -7.80645 9.06516 0.248953 0.446308 0.234021 0.827083 -0.240983 0.274579 0.187193 -1.0472 5.6031 -7.80645 9.06516 0.248953 0.446308 0.234021 0.827083 -0.240983 0.274579 0.187193 -1.0472 5.6031 -7.80645 9.06516 6.94308 -0.00527788 0.01 0.00189728 6.94308 -0.00527788 0.01 0.00189728 6.94308 -0.00527788 0.01 0.00189728 6.94308 -0.00527788 0.01 0.00189728 0.1
15.1983 -45.1472 26.6196 1.89378e-17 2.77813e-20 -0.00146667 0.999999 10 -0.596527 1.71161 -0.1 -0.1 -8.43907e-17 0.24538 0.453777 0.235647 0.823618 0.0230298 0.162545 0.186395 -1.0472 6.14785 -7.9692 9.08414 0.24538 0.453777 0.235647 0.823618 0.0230298 0.162545 0.186395 -1.0472 6.14785 -7.9692 9.08414 0.24538 0.453777 0.235647 0.823618 0.0230298 0.162545 0.186395 -1.0472 6.14785 -7.9692 9.08414 0.24538 0.453777 0.235647 0.823618 0.0230298 0.162545 0.186395 -1.0472 6.14785 -7.9692 9.08414 0.996622 0.01 -0.00252035 0.00180136 0.996622 0.01 -0.00252035 0.00180136 0.996622 0.01 -0.00252035 0.00180136 0.996622 0.01 -0.00252035 0.00180136 0.06
15.9989 -45.1941 26.7215 2.2229e-17 1.10836e-19 -0.00498577 0.999988 10 -0.558689 0.836976 -0.0551688 -0.1 -8.96029e-17 0.247336 0.453871 0.244742 0.820322 0.289819 -0.154921 0.183156 -1.0472 0.591393 -8.31663 9.08414 0.247336 0.453871 0.244742 0.820322 0.289819 -0.154921 0.183156 -1.0472 0.591393 -8.31663 9.08414 0.247336 0.453871 0.244742 0.820322 0.289819 -0.154921 0.183156 -1.0472 0.591393 -8.31663 9.08414 0.247336 0.453871 0.244742 0.820322 0.289819 -0.154921 0.183156 -1.0472 0.591393 -8.31663 9.08414 0 0.01 -0.01 0.00164491 0 0.01 -0.01 0.00164491 0 0.01 -0.01 0.00164491 0 0.01 -0.01 0.00164491 0.08
16.099 -45.1996 26.7293 2.26545e-17 1.18395e-19 -0.00522579 0.999986 10 -0.546465 0.727931 -0.0408172 -0.1 -9.00326e-17 0.247956 0.453021 0.246394 0.82011 0.317575 -0.187949 0.182924 -1.0472 0.682235 -8.36008 9.08414 0.247956 0.453021 0.246394 0.82011 0.317575 -0.187949 0.182924 -1.0472 0.682235 -8.36008 9.08414 0.247956 0.453021 0.246394 0.82011 0.317575 -0.187949 0.182924 -1.0472 0.682235 -8.36008 9.08414 0.247956 0.453021 0.246394 0.82011 0.317575 -0.187949 0.182924 -1.0472 0.682235 -8.36008 9.08414 0 0.01 -0.01 0.0017141 0 0.01 -0.01 0.0017141 0 0.01 -0.01 0.0017141 0 0.01 -0.01 0.0017141 0.01
16.5992 -45.2251 26.7521 2.47682e-17 1.27102e-19 -0.00513135 0.999987 10 -0.466616 0.183652 0.0535743 -0.1 -9.0281e-17 0.253225 0.450192 0.254911 0.81745 0.440907 0.026743 0.182028 -1.0472 1.13644 -8.5774 9.08414 0.253225 0.450192 0.254911 0.81745 0.440907 0.026743 0.182028 -1.0472 1.13644 -8.5774 9.08414 0.253225 0.450192 0.254911 0.81745 0.440907 0.026743 0.182028 -1.0472 1.13644 -8.5774 9.08414 0.253225 0.450192 0.254911 0.81745 0.440907 0.026743 0.182028 -1.0472 1.13644 -8.5774 9.08414 0 0.01 0.01 0.00173509 0 0.01 0.01 0.00173509 0 0.01 0.01 0.00173509 0 0.01 0.01 0.00173509 0.05
17.4979 -45.2685 26.7297 2.85993e-17 1.03572e-19 -0.00362127 0.999993 9.98307 -0.578821 -0.638214 -0.0838273 -0.1 -9.05689e-17 0.259398 0.456504 0.263726 0.809176 0.00648943 0.320169 0.181652 -1.0472 1.9157 -8.63707 8.24944 0.259398 0.456504 0.263726 0.809176 0.00648943 0.320169 0.181652 -1.0472 1.9157 -8.63707 8.24944 0.259398 0.456504 0.263726 0.809176 0.00648943 0.320169 0.181652 -1.0472 1.9157 -8.63707 8.24944 0.259398 0.456504 0.263726 0.809176 0.00648943 0.320169 0.181652 -1.0472 1.9157 -8.63707 8.24944 5.42895 -0.01 0.01 0.00179747 5.42895 -0.01 0.01 0.00179747 5.42895 -0.01 0.01 0.00179747 5.42895 -0.01 0.01 0.00179747 0.09
18.4031 -45.3818 26.672 3.2851e-17 3.95902e-19 -0.0120504 0.999927 10 -1.91814 -0.576358 -0.1 -0.1 -1.45115e-16 0.262906 0.460617 0.272482 0.802786 0.306022 -0.0778471 0.182895 -1.0472 2.57904 -8.81669 6.69607 0.262906 0.460617 0.272482 0.802786 0.306022 -0.0778471 0.182895 -1.0472 2.57904 -8.81669 6.69607 0.262906 0.460617 0.272482 0.802786 0.306022 -0.0778471 0.182895 -1.0472 2.57904 -8.81669 6.69607 0.262906 0.460617 0.272482 0.802786 0.306022 -0.0778471 0.182895 -1.0472 2.57904 -8.81669 6.69607 15.4324 0.01 -0.01 0.00189195 15.4324 0.01 -0.01 0.00189195 15.4324 0.01 -0.01 0.00189195 15.4324 0.01 -0.01 0.00189195 0.09
18.7052 -45.4428 26.6542 3.49523e-17 4.96857e-19 -0.0142137 0.999899 10 -2.13431 -0.613903 -0.1 -0.1 -1.65301e-16 0.263883 0.458816 0.276796 0.802021 0.158799 -0.181798 0.183235 -1.0472 2.77732 -8.95333 6.54076 0.263883 0.458816 0.276796 0.802021 0.158799 -0.181798 0.183235 -1.0472 2.77732 -8.95333 6.54076 0.263883 0.458816 0.276796 0.802021 0.158799 -0.181798 0.183235 -1.0472 2.77732 -8.95333 6.54076 0.263883 0.458816 0.276796 0.802021 0.158799 -0.181798 0.183235 -1.0472 2.77732 -8.95333 6.54076 10.7222 -0.01 -0.01 0.00188734 10.7222 -0.01 -0.01 0.00188734 10.7222 -0.01 -0.01 0.00188734 10.7222 -0.01 -0.01 0.00188734 0.03
18.9061 -45.4861 26.641 3.66021e-17 5.6373e-19 -0.0153996 0.999881 10 -2.19285 -0.702305 -0.1 -0.1 -1.84529e-16 0.263579 0.457893 0.279145 0.801834 0.0699908 -0.0912267 0.183102 -1.0472 2.9078 -9.04577 6.51311 0.263579 0.457893 0.279145 0.801834 0.0699908 -0.0912267 0.183102 -1.0472 2.9078 -9.04577 6.51311 0.263579 0.457893 0.279145 0.801834 0.0699908 -0.0912267 0.183102 -1.0472 2.9078 -9.04577 6.51311 0.263579 0.457893 0.279145 0.801834 0.0699908 -0.0912267 0.183102 -1.0472 2.9078 -9.04577 6.51311 6.99205 -0.01 0.01 0.00179841 6.99205 -0.01 0.01 0.00179841 6.99205 -0.01 0.01 0.00179841 6.99205 -0.01 0.01 0.00179841 0.02
19.0071 -45.5082 26.634 3.74382e-17 5.99975e-19 -0.0160236 0.999872 10 -2.23138 -0.697086 -0.1 -0.1 -1.80274e-16 0.263416 0.457731 0.280173 0.801622 0.106338 -0.0485784 0.183074 -1.0472 2.97291 -9.09432 6.50987 0.263416 0.457731 0.280173 0.801622 0.106338 -0.0485784 0.183074 -1.0472 2.97291 -9.09432 6.50987 0.263416 0.457731 0.280173 0.801622 0.106338 -0.0485784 0.183074 -1.0472 2.97291 -9.09432 6.50987 0.263416 0.457731 0.280173 0.801622 0.106338 -0.0485784 0.183074 -1.0472 2.97291 -9.09432 6.50987 12.3313 0.01 0.01 0.00181721 12.3313 0.01 0.01 0.00181721 12.3313 0.01 0.01 0.00181721 12.3313 0.01 0.01 0.00181721 0.01
19.5113 -45.621 26.5984 4.24781e-17 7.86171e-19 -0.0185044 0.999829 10 -2.23109 -0.734265 -0.0615003 -0.1 -2.40665e-16 0.265462 0.458584 0.285691 0.798506 0.267845 0.140926 0.183863 -1.0472 3.30149 -9.32595 6.68637 0.265462 0.458584 0.285691 0.798506 0.267845 0.140926 0.183863 -1.0472 3.30149 -9.32595 6.68637 0.265462 0.458584 0.285691 0.798506 0.267845 0.140926 0.183863 -1.0472 3.30149 -9.32595 6.68637 0.265462 0.458584 0.285691 0.798506 0.267845 0.140926 0.183863 -1.0472 3.30149 -9.32595 6.68637 11.1414 0.01 0.01 0.00191358 11.1414 0.01 0.01 0.00191358 11.1414 0.01 0.01 0.00191358 11.1414 0.01 0.01 0.00191358 0.05
20.0195 -45.7202 26.5732 4.92223e-17 7.64169e-19 -0.0155228 0.99988 10 -1.65219 -0.303183 0.1 -0.1 -3.691e-16 0.270292 0.45807 0.292979 0.79453 0.400164 -0.0652679 0.183937 -1.0472 3.65922 -9.47402 7.73313 0.270292 0.45807 0.292979 0.79453 0.400164 -0.0652679 0.183937 -1.0472 3.65922 -9.47402 7.73313 0.270292 0.45807 0.292979 0.79453 0.400164 -0.0652679 0.183937 -1.0472 3.65922 -9.47402 7.73313 0.270292 0.45807 0.292979 0.79453 0.400164 -0.0652679 0.183937 -1.0472 3.65922 -9.47402 7.73313 23.7529 0.01 -0.01 0.0018465 23.7529 0.01 -0.01 0.0018465 23.7529 0.01 -0.01 0.0018465 23.7529 0.01 -0.01 0.0018465 0.05
20.2213 -45.7508 26.5676 5.28199e-17 7.28923e-19 -0.0137987 0.999905 10 -1.40511 -0.272684 0.1 -0.1 -3.9293e-16 0.272513 0.456514 0.296652 0.793303 0.446134 -0.136904 0.183819 -1.0472 3.81818 -9.49717 8.17465 0.272513 0.456514 0.296652 0.793303 0.446134 -0.136904 0.183819 -1.0472 3.81818 -9.49717 8.17465 0.272513 0.456514 0.296652 0.793303 0.446134 -0.136904 0.183819 -1.0472 3.81818 -9.49717 8.17465 0.272513 0.456514 0.296652 0.793303 0.446134 -0.136904 0.183819 -1.0472 3.81818 -9.49717 8.17465 17.5075 0.01 -0.01 0.0018092 17.5075 0.01 -0.01 0.0018092 17.5075 0.01 -0.01 0.0018092 17.5075 0.01 -0.01 0.0018092 0.02
20.4222 -45.7772 26.5615 5.66342e-17 6.95516e-19 -0.0122798 0.999925 10 -1.22951 -0.337391 0.1 -0.1 -4.00115e-16 0.274742 0.454319 0.300627 0.792297 0.455609 -0.20305 0.183381 -1.0472 3.98518 -9.51349 8.53325 0.274742 0.454319 0.300627 0.792297 0.455609 -0.20305 0.183381 -1.0472 3.98518 -9.51349 8.53325 0.274742 0.454319 0.300627 0.792297 0.455609 -0.20305 0.183381 -1.0472 3.98518 -9.51349 8.53325 0.274742 0.454319 0.300627 0.792297 0.455609 -0.20305 0.183381 -1.0472 3.98518 -9.51349 8.53325 12.3435 0.00569762 -0.01 0.00172644 12.3435 0.00569762 -0.01 0.00172644 12.3435 0.00569762 -0.01 0.00172644 12.3435 0.00569762 -0.01 0.00172644 0.02
20.6228 -45.8001 26.5539 6.04947e-17 6.53096e-19 -0.0107951 0.999942 10 -1.06764 -0.429157 0.1 -0.1 -4.06353e-16 0.276602 0.452378 0.304314 0.791353 0.344054 -0.110851 0.182002 -1.0472 4.15974 -9.49983 8.92833 0.276602 0.452378 0.304314 0.791353 0.344054 -0.110851 0.182002 -1.0472 4.15974 -9.49983 8.92833 0.276602 0.452378 0.304314 0.791353 0.344054 -0.110851 0.182002 -1.0472 4.15974 -9.49983 8.92833 0.276602 0.452378 0.304314 0.791353 0.344054 -0.110851 0.182002 -1.0472 4.15974 -9.49983 8.92833 12.2652 -0.01 0.01 0.00148209 12.2652 -0.01 0.01 0.00148209 12.2652 -0.01 0.01 0.00148209 12.2652 -0.01 0.01 0.00148209 0.02
21.4226 -45.878 26.4925 7.6269e-17 5.12366e-19 -0.0067176 0.999977 9.98555 -0.991633 -1.16695 0.0359191 -0.1 -4.09447e-16 0.278277 0.452877 0.312571 0.787251 -0.0229786 0.121484 0.176786 -1.0472 4.92192 -9.31984 10.1261 0.278277 0.452877 0.312571 0.787251 -0.0229786 0.121484 0.176786 -1.0472 4.92192 -9.31984 10.1261 0.278277 0.452877 0.312571 0.787251 -0.0229786 0.121484 0.176786 -1.0472 4.92192 -9.31984 10.1261 0.278277 0.452877 0.312571 0.787251 -0.0229786 0.121484 0.176786 -1.0472 4.92192 -9.31984 10.1261 8.52465 -0.01 0.00739947 0.00146724 8.52465 -0.01 0.00739947 0.00146724 8.52465 -0.01 0.00739947 0.00146724 8.52465 -0.01 0.00739947 0.00146724 0.08
21.8228 -45.9221 26.4356 8.41355e-17 6.99128e-19 -0.00830915 0.999965 10 -1.24111 -1.70124 -0.1 -0.1 -4.17184e-16 0.27871 0.456468 0.314787 0.784134 0.127812 0.25098 0.17536 -1.0472 5.34154 -8.92287 10.8235 0.27871 0.456468 0.314787 0.784134 0.127812 0.25098 0.17536 -1.0472 5.34154 -8.92287 10.8235 0.27871 0.456468 0.314787 0.784134 0.127812 0.25098 0.17536 -1.0472 5.34154 -8.92287 10.8235 0.27871 0.456468 0.314787 0.784134 0.127812 0.25098 0.17536 -1.0472 5.34154 -8.92287 10.8235 11.6886 0.01 0.01 0.00158235 11.6886 0.01 0.01 0.00158235 11.6886 0.01 0.01 0.00158235 11.6886 0.01 0.01 0.00158235 0.04
22.5257 -46.0241 26.2795 9.9184e-17 1.28457e-18 -0.0129502 0.999916 10 -1.61559 -2.78116 -0.1 -0.1 -5.15526e-16 0.279295 0.46781 0.315899 0.77676 -0.146825 0.433376 0.17358 -1.0472 6.11999 -8.22875 11.278 0.279295 0.46781 0.315899 0.77676 -0.146825 0.433376 0.17358 -1.0472 6.11999 -8.22875 11.278 0.279295 0.46781 0.315899 0.77676 -0.146825 0.433376 0.17358 -1.0472 6.11999 -8.22875 11.278 0.279295 0.46781 0.315899 0.77676 -0.146825 0.433376 0.17358 -1.0472 6.11999 -8.22875 11.278 9.52897 -0.01 0.01 0.00161735 9.52897 -0.01 0.01 0.00161735 9.52897 -0.01 0.01 0.00161735 9.52897 -0.01 0.01 0.00161735 0.07
23.3303 -46.1479 26.0032 1.21574e-16 1.63455e-18 -0.0134437 0.99991 10 -1.36195 -4.0898 0.1 -0.1 -6.7079e-16 0.2813 0.481138 0.317408 0.767221 0.166348 0.324501 0.173358 -1.0472 0.720891 -7.25795 10.6058 0.2813 0.481138 0.317408 0.767221 0.166348 0.324501 0.173358 -1.0472 0.720891 -7.25795 10.6058 0.2813 0.481138 0.317408 0.767221 0.166348 0.324501 0.173358 -1.0472 0.720891 -7.25795 10.6058 0.2813 0.481138 0.317408 0.767221 0.166348 0.324501 0.173358 -1.0472 0.720891 -7.25795 10.6058 11.3641 0.01 0.000346815 0.00172083 11.3641 0.01 0.000346815 0.00172083 11.3641 0.01 0.000346815 0.00172083 11.3641 0.01 0.000346815 0.00172083 0.08
24.2307 -46.2574 25.5875 1.51444e-16 1.27716e-18 -0.00843287 0.999964 9.9846 -1.18103 -5.07063 0.0709136 -0.0995555 -6.99534e-16 0.294002 0.493804 0.32428 0.751374 0.417685 0.528156 0.170654 -1.0472 1.62236 -7.04624 9.3738 0.294002 0.493804 0.32428 0.751374 0.417685 0.528156 0.170654 -1.0472 1.62236 -7.04624 9.3738 0.294002 0.493804 0.32428 0.751374 0.417685 0.528156 0.170654 -1.0472 1.62236 -7.04624 9.3738 0.294002 0.493804 0.32428 0.751374 0.417685 0.528156 0.170654 -1.0472 1.62236 -7.04624 9.3738 7.84574 0.01 0.01 0.00156941 7.84574 0.01 0.01 0.00156941 7.84574 0.01 0.01 0.00156941 7.84574 0.01 0.01 0.00156941 0.09
24.3305 -46.2695 25.5365 1.5479e-16 1.27205e-18 -0.00821761 0.999966 9.98456 -1.22946 -5.14009 0.0120143 -0.1 -7.00935e-16 0.296005 0.4954 0.325149 0.749158 0.409548 0.546597 0.170204 -1.0472 1.71504 -7.04437 9.16472 0.296005 0.4954 0.325149 0.749158 0.409548 0.546597 0.170204 -1.0472 1.71504 -7.04437 9.16472 0.296005 0.4954 0.325149 0.749158 0.409548 0.546597 0.170204 -1.0472 1.71504 -7.04437 9.16472 0.296005 0.4954 0.325149 0.749158 0.409548 0.546597 0.170204 -1.0472 1.71504 -7.04437 9.16472 11.3995 0.00209496 0.01 0.00147906 11.3995 0.00209496 0.01 0.00147906 11.3995 0.00209496 0.01 0.00147906 11.3995 0.00209496 0.01 0.00147906 0.01
24.8308 -46.3392 25.2723 1.71589e-16 1.88869e-18 -0.0110064 0.999939 10 -1.59422 -5.40471 -0.1 -0.1 -7.38974e-16 0.30714 0.503344 0.329847 0.737232 0.516258 0.57973 0.168033 -1.0472 2.15081 -7.18407 8.29806 0.30714 0.503344 0.329847 0.737232 0.516258 0.57973 0.168033 -1.0472 2.15081 -7.18407 8.29806 0.30714 0.503344 0.329847 0.737232 0.516258 0.57973 0.168033 -1.0472 2.15081 -7.18407 8.29806 0.30714 0.503344 0.329847 0.737232 0.516258 0.57973 0.168033 -1.0472 2.15081 -7.18407 8.29806 10.4712 0.01 0.00729926 0.00147399 10.4712 0.01 0.00729926 0.00147399 10.4712 0.01 0.00729926 0.00147399 10.4712 0.01 0.00729926 0.00147399 0.05
24.9311 -46.3556 25.218 1.75079e-16 2.0608e-18 -0.0117698 0.999931 10 -1.68249 -5.44204 -0.1 -0.1 -7.53046e-16 0.309624 0.504898 0.330883 0.734662 0.535164 0.596155 0.167442 -1.0472 2.23306 -7.23505 8.15422 0.309624 0.504898 0.330883 0.734662 0.535164 0.596155 0.167442 -1.0472 2.23306 -7.23505 8.15422 0.309624 0.504898 0.330883 0.734662 0.535164 0.596155 0.167442 -1.0472 2.23306 -7.23505 8.15422 0.309624 0.504898 0.330883 0.734662 0.535164 0.596155 0.167442 -1.0472 2.23306 -7.23505 8.15422 10.296 0.01 0.01 0.00138158 10.296 0.01 0.01 0.00138158 10.296 0.01 0.01 0.00138158 10.296 0.01 0.01 0.00138158 0.01
25.4346 -46.4561 24.9467 1.94574e-16 3.14833e-18 -0.0161784 0.999869 10 -2.31552 -5.39508 -0.1 -0.1 -9.66392e-16 0.319079 0.512629 0.334708 0.723444 0.257721 0.470706 0.164802 -1.0472 2.61939 -7.6294 7.37305 0.319079 0.512629 0.334708 0.723444 0.257721 0.470706 0.164802 -1.0472 2.61939 -7.6294 7.37305 0.319079 0.512629 0.334708 0.723444 0.257721 0.470706 0.164802 -1.0472 2.61939 -7.6294 7.37305 0.319079 0.512629 0.334708 0.723444 0.257721 0.470706 0.164802 -1.0472 2.61939 -7.6294 7.37305 14.8159 -0.01 -0.000979861 0.00139699 14.8159 -0.01 -0.000979861 0.00139699 14.8159 -0.01 -0.000979861 0.00139699 14.8159 -0.01 -0.000979861 0.00139699 0.05
26.1422 -46.6374 24.5758 2.32957e-16 4.89628e-18 -0.0210133 0.999779 10 -2.73875 -5.19558 -0.1 -0.1 -1.45131e-15 0.326658 0.525996 0.335767 0.709847 0.0865448 0.599596 0.162169 -1.0472 3.11906 -8.39264 7.06703 0.326658 0.525996 0.335767 0.709847 0.0865448 0.599596 0.162169 -1.0472 3.11906 -8.39264 7.06703 0.326658 0.525996 0.335767 0.709847 0.0865448 0.599596 0.162169 -1.0472 3.11906 -8.39264 7.06703 0.326658 0.525996 0.335767 0.709847 0.0865448 0.599596 0.162169 -1.0472 3.11906 -8.39264 7.06703 15.1499 -0.00445225 0.01 0.00144648 15.1499 -0.00445225 0.01 0.00144648 15.1499 -0.00445225 0.01 0.00144648 15.1499 -0.00445225 0.01 0.00144648 0.07
27.0529 -46.8633 24.1269 3.1392e-16 5.72365e-18 -0.0182298 0.999834 10 -2.07295 -4.84638 0.1 -0.1 -2.38975e-15 0.340121 0.545755 0.336494 0.687925 0.361941 0.720313 0.157881 -1.0472 3.79722 -9.50951 8.32257 0.340121 0.545755 0.336494 0.687925 0.361941 0.720313 0.157881 -1.0472 3.79722 -9.50951 8.32257 0.340121 0.545755 0.336494 0.687925 0.361941 0.720313 0.157881 -1.0472 3.79722 -9.50951 8.32257 0.340121 0.545755 0.336494 0.687925 0.361941 0.720313 0.157881 -1.0472 3.79722 -9.50951 8.32257 17.9831 0.01 0.01 0.00136139 17.9831 0.01 0.01 0.00136139 17.9831 0.01 0.01 0.00136139 17.9831 0.01 0.01 0.00136139 0.09
27.6558 -46.9642 23.8357 3.88158e-16 5.07913e-18 -0.0130841 0.999914 10 -1.35211 -4.93663 0.1 -0.1 -2.71131e-15 0.353939 0.558301 0.339037 0.669389 0.497685 0.779815 0.155609 -1.0472 4.35049 -9.99994 10.2277 0.353939 0.558301 0.339037 0.669389 0.497685 0.779815 0.155609 -1.0472 4.35049 -9.99994 10.2277 0.353939 0.558301 0.339037 0.669389 0.497685 0.779815 0.155609 -1.0472 4.35049 -9.99994 10.2277 0.353939 0.558301 0.339037 0.669389 0.497685 0.779815 0.155609 -1.0472 4.35049 -9.99994 10.2277 19.0563 0.01 0.01 0.00137789 19.0563 0.01 0.01 0.00137789 19.0563 0.01 0.01 0.00137789 19.0563 0.01 0.01 0.00137789 0.06
28.3561 -47.058 23.4672 4.8051e-16 5.91303e-18 -0.0123048 0.999924 10 -1.63162 -5.75461 -0.1 -0.1 -2.79815e-15 0.364588 0.569388 0.341685 0.652782 0.132979 0.346407 0.152828 -1.0472 5.16959 -9.8679 13.126 0.364588 0.569388 0.341685 0.652782 0.132979 0.346407 0.152828 -1.0472 5.16959 -9.8679 13.126 0.364588 0.569388 0.341685 0.652782 0.132979 0.346407 0.152828 -1.0472 5.16959 -9.8679 13.126 0.364588 0.569388 0.341685 0.652782 0.132979 0.346407 0.152828 -1.0472 5.16959 -9.8679 13.126 21.558 -0.01 -0.01 0.00134322 21.558 -0.01 -0.01 0.00134322 21.558 -0.01 -0.01 0.00134322 21.558 -0.01 -0.01 0.00134322 0.07
29.2639 -47.2509 22.8697 6.19709e-16 1.18906e-17 -0.0191839 0.999816 10 -2.40012 -7.6144 -0.0799169 -0.1 -4.17561e-15 0.366186 0.58571 0.337396 0.639544 -0.208601 0.543458 0.150085 -1.0472 0.136707 -9.02429 14.1608 0.366186 0.58571 0.337396 0.639544 -0.208601 0.543458 0.150085 -1.0472 0.136707 -9.02429 14.1608 0.366186 0.58571 0.337396 0.639544 -0.208601 0.543458 0.150085 -1.0472 0.136707 -9.02429 14.1608 0.366186 0.58571 0.337396 0.639544 -0.208601 0.543458 0.150085 -1.0472 0.136707 -9.02429 14.1608 15.2201 -0.01 0.01 0.00136179 15.2201 -0.01 0.01 0.00136179 15.2201 -0.01 0.01 0.00136179 15.2201 -0.01 0.01 0.00136179 0.09
29.8685 -47.381 22.3771 7.52982e-16 1.23204e-17 -0.0163599 0.999866 10 -1.85907 -8.75431 0.1 -0.1 -5.11348e-15 0.368061 0.599406 0.332379 0.628305 0.0485223 0.640585 0.148404 -1.0472 0.964059 -8.6537 13.2406 0.368061 0.599406 0.332379 0.628305 0.0485223 0.640585 0.148404 -1.0472 0.964059 -8.6537 13.2406 0.368061 0.599406 0.332379 0.628305 0.0485223 0.640585 0.148404 -1.0472 0.964059 -8.6537 13.2406 0.368061 0.599406 0.332379 0.628305 0.0485223 0.640585 0.148404 -1.0472 0.964059 -8.6537 13.2406 13.5083 0.01 0.01 0.00135219 13.5083 0.01 0.01 0.00135219 13.5083 0.01 0.01 0.00135219 13.5083 0.01 0.01 0.00135219 0.06
30.5693 -47.4877 21.7278 9.31423e-16 1.08738e-17 -0.0116736 0.999932 9.9963 -1.46589 -9.63502 0.0240355 -0.1 -5.34607e-15 0.376552 0.614235 0.330254 0.6098 0.280219 0.728107 0.146199 -1.0472 1.78925 -8.83042 10.2858 0.376552 0.614235 0.330254 0.6098 0.280219 0.728107 0.146199 -1.0472 1.78925 -8.83042 10.2858 0.376552 0.614235 0.330254 0.6098 0.280219 0.728107 0.146199 -1.0472 1.78925 -8.83042 10.2858 0.376552 0.614235 0.330254 0.6098 0.280219 0.728107 0.146199 -1.0472 1.78925 -8.83042 10.2858 21.8576 0.01 0.01 0.00131521 21.8576 0.01 0.01 0.00131521 21.8576 0.01 0.01 0.00131521 21.8576 0.01 0.01 0.00131521 0.07
30.7694 -47.5185 21.534 9.82975e-16 1.21537e-17 -0.0123632 0.999924 10 -1.63777 -9.72694 -0.1 -0.1 -5.43112e-15 0.379707 0.617781 0.330539 0.604081 0.335382 0.595668 0.145584 -1.0472 1.98707 -9.09021 9.50579 0.379707 0.617781 0.330539 0.604081 0.335382 0.595668 0.145584 -1.0472 1.98707 -9.09021 9.50579 0.379707 0.617781 0.330539 0.604081 0.335382 0.595668 0.145584 -1.0472 1.98707 -9.09021 9.50579 0.379707 0.617781 0.330539 0.604081 0.335382 0.595668 0.145584 -1.0472 1.98707 -9.09021 9.50579 20.9756 0.01 -0.01 0.00130516 20.9756 0.01 -0.01 0.00130516 20.9756 0.01 -0.01 0.00130516 20.9756 0.01 -0.01 0.00130516 0.02
31.0701 -47.571 21.2401 1.06197e-15 1.54602e-17 -0.0145564 0.999894 10 -1.87672 -9.85869 -0.1 -0.1 -5.67255e-15 0.38337 0.621769 0.331555 0.597078 0.224547 0.415795 0.145101 -1.0472 2.2618 -9.47801 8.83026 0.38337 0.621769 0.331555 0.597078 0.224547 0.415795 0.145101 -1.0472 2.2618 -9.47801 8.83026 0.38337 0.621769 0.331555 0.597078 0.224547 0.415795 0.145101 -1.0472 2.2618 -9.47801 8.83026 0.38337 0.621769 0.331555 0.597078 0.224547 0.415795 0.145101 -1.0472 2.2618 -9.47801 8.83026 13.739 -0.00647843 -0.01 0.00137292 13.739 -0.00647843 -0.01 0.00137292 13.739 -0.00647843 -0.01 0.00137292 13.739 -0.00647843 -0.01 0.00137292 0.03
32.077 -47.8 20.2479 1.38002e-15 2.98623e-17 -0.021634 0.999766 10 -2.56126 -9.92837 -0.1 -0.1 -8.44439e-15 0.392259 0.623459 0.343825 0.582423 0.479507 -0.0497023 0.143731 -1.0472 3.07112 -11.2518 7.68818 0.392259 0.623459 0.343825 0.582423 0.479507 -0.0497023 0.143731 -1.0472 3.07112 -11.2518 7.68818 0.392259 0.623459 0.343825 0.582423 0.479507 -0.0497023 0.143731 -1.0472 3.07112 -11.2518 7.68818 0.392259 0.623459 0.343825 0.582423 0.479507 -0.0497023 0.143731 -1.0472 3.07112 -11.2518 7.68818 14.1559 0.01 -0.01 0.00137542 14.1559 0.01 -0.01 0.00137542 14.1559 0.01 -0.01 0.00137542 14.1559 0.01 -0.01 0.00137542 0.1
32.6805 -47.9515 19.6484 1.64309e-15 3.84222e-17 -0.0233777 0.999727 10 -2.43484 -10 0.0477022 -0.1 -1.01415e-14 0.399607 0.620666 0.355536 0.573308 0.590239 0.173616 0.142587 -1.0472 3.53622 -12.1232 7.90226 0.399607 0.620666 0.355536 0.573308 0.590239 0.173616 0.142587 -1.0472 3.53622 -12.1232 7.90226 0.399607 0.620666 0.355536 0.573308 0.590239 0.173616 0.142587 -1.0472 3.53622 -12.1232 7.90226 0.399607 0.620666 0.355536 0.573308 0.590239 0.173616 0.142587 -1.0472 3.53622 -12.1232 7.90226 9.88969 0.01 0.01 0.00133621 9.88969 0.01 0.01 0.00133621 9.88969 0.01 0.01 0.00133621 9.88969 0.01 0.01 0.00133621 0.06
33.485 -48.115 18.8481 2.0836e-15 3.62033e-17 -0.0173728 0.999849 10 -1.64612 -10 0.1 -0.1 -1.26885e-14 0.410855 0.61362 0.374726 0.56058 0.702136 -0.146873 0.141211 -1.0472 4.22816 -13.5224 9.6076 0.410855 0.61362 0.374726 0.56058 0.702136 -0.146873 0.141211 -1.0472 4.22816 -13.5224 9.6076 0.410855 0.61362 0.374726 0.56058 0.702136 -0.146873 0.141211 -1.0472 4.22816 -13.5224 9.6076 0.410855 0.61362 0.374726 0.56058 0.702136 -0.146873 0.141211 -1.0472 4.22816 -13.5224 9.6076 16.2155 0.01 -0.01 0.00133278 16.2155 0.01 -0.01 0.00133278 16.2155 0.01 -0.01 0.00133278 16.2155 0.01 -0.01 0.00133278 0.08
34.1847 -48.2266 18.1448 2.51439e-15 3.63652e-17 -0.0144613 0.999895 9.99107 -1.67293 -10 -0.0397616 -0.1 -1.28408e-14 0.4173 0.609164 0.38785 0.551681 0.287644 0.132405 0.140769 -1.0472 4.95069 -14.0406 11.0597 0.4173 0.609164 0.38785 0.551681 0.287644 0.132405 0.140769 -1.0472 4.95069 -14.0406 11.0597 0.4173 0.609164 0.38785 0.551681 0.287644 0.132405 0.140769 -1.0472 4.95069 -14.0406 11.0597 0.4173 0.609164 0.38785 0.551681 0.287644 0.132405 0.140769 -1.0472 4.95069 -14.0406 11.0597 10.7362 -0.01 0.01 0.00137825 10.7362 -0.01 0.01 0.00137825 10.7362 -0.01 0.01 0.00137825 10.7362 -0.01 0.01 0.00137825 0.07
34.3849 -48.262 17.9433 2.63774e-15 4.1599e-17 -0.0157687 0.999876 10 -1.88207 -10 -0.1 -0.1 -1.31556e-14 0.418397 0.609743 0.389378 0.549129 0.188961 0.198896 0.140537 -1.0472 5.17777 -14.0915 11.6408 0.418397 0.609743 0.389378 0.549129 0.188961 0.198896 0.140537 -1.0472 5.17777 -14.0915 11.6408 0.418397 0.609743 0.389378 0.549129 0.188961 0.198896 0.140537 -1.0472 5.17777 -14.0915 11.6408 0.418397 0.609743 0.389378 0.549129 0.188961 0.198896 0.140537 -1.0472 5.17777 -14.0915 11.6408 15.4926 -0.01 0.01 0.00134866 15.4926 -0.01 0.01 0.00134866 15.4926 -0.01 0.01 0.00134866 15.4926 -0.01 0.01 0.00134866 0.02
34.4853 -48.2815 17.8424 2.70035e-15 4.50892e-17 -0.0166952 0.999861 10 -2.02735 -10 -0.1 -0.1 -1.35121e-14 0.418841 0.610303 0.389819 0.547854 0.142493 0.230206 0.140306 -1.0472 5.29572 -14.0916 11.945 0.418841 0.610303 0.389819 0.547854 0.142493 0.230206 0.140306 -1.0472 5.29572 -14.0916 11.945 0.418841 0.610303 0.389819 0.547854 0.142493 0.230206 0.140306 -1.0472 5.29572 -14.0916 11.945 0.418841 0.610303 0.389819 0.547854 0.142493 0.230206 0.140306 -1.0472 5.29572 -14.0916 11.945 17.4953 -0.01 0.01 0.00128862 17.4953 -0.01 0.01 0.00128862 17.4953 -0.01 0.01 0.00128862 17.4953 -0.01 0.01 0.00128862 0.01
34.6864 -48.3248 17.6406 2.83055e-15 5.24294e-17 -0.0185195 0.999828 10 -2.30428 -10 -0.1 -0.1 -1.45145e-14 0.419535 0.611929 0.390094 0.545307 0.0549345 0.289201 0.1401 -1.0472 5.53941 -14.0675 12.4092 0.419535 0.611929 0.390094 0.545307 0.0549345 0.289201 0.1401 -1.0472 5.53941 -14.0675 12.4092 0.419535 0.611929 0.390094 0.545307 0.0549345 0.289201 0.1401 -1.0472 5.53941 -14.0675 12.4092 0.419535 0.611929 0.390094 0.545307 0.0549345 0.289201 0.1401 -1.0472 5.53941 -14.0675 12.4092 15.1058 -0.01 0.01 0.00135047 15.1058 -0.01 0.01 0.00135047 15.1058 -0.01 0.01 0.00135047 15.1058 -0.01 0.01 0.00135047 0.02
35.6994 -48.5939 16.6285 3.77224e-15 8.50295e-17 -0.0225351 0.999746 10 -2.50995 -10 0.1 -0.1 -2.77732e-14 0.429192 0.621659 0.391897 0.52512 0.365661 0.522904 0.139863 -1.0472 0.552513 -13.4869 12.8166 0.429192 0.621659 0.391897 0.52512 0.365661 0.522904 0.139863 -1.0472 0.552513 -13.4869 12.8166 0.429192 0.621659 0.391897 0.52512 0.365661 0.522904 0.139863 -1.0472 0.552513 -13.4869 12.8166 0.429192 0.621659 0.391897 0.52512 0.365661 0.522904 0.139863 -1.0472 0.552513 -13.4869 12.8166 17.2669 0.01 0.01 0.00138792 17.2669 0.01 0.01 0.00138792 17.2669 0.01 0.01 0.00138792 17.2669 0.01 0.01 0.00138792 0.1
36.203 -48.6991 16.1233 4.49201e-15 7.92721e-17 -0.0176446 0.999844 10 -1.69862 -10 0.1 -0.1 -3.21457e-14 0.438093 0.626338 0.394178 0.510293 0.480302 0.609127 0.138603 -1.0472 1.166 -13.4464 11.6098 0.438093 0.626338 0.394178 0.510293 0.480302 0.609127 0.138603 -1.0472 1.166 -13.4464 11.6098 0.438093 0.626338 0.394178 0.510293 0.480302 0.609127 0.138603 -1.0472 1.166 -13.4464 11.6098 0.438093 0.626338 0.394178 0.510293 0.480302 0.609127 0.138603 -1.0472 1.166 -13.4464 11.6098 16.9287 0.01 0.01 0.0012663 16.9287 0.01 0.01 0.0012663 16.9287 0.01 0.01 0.0012663 16.9287 0.01 0.01 0.0012663 0.05
36.5035 -48.7439 15.8209 4.96361e-15 7.43784e-17 -0.0149831 0.999888 10 -1.32154 -10 0.1 -0.1 -3.2804e-14 0.442852 0.628834 0.395534 0.501999 0.313434 0.427737 0.138044 -1.0472 1.49853 -13.6184 10.5421 0.442852 0.628834 0.395534 0.501999 0.313434 0.427737 0.138044 -1.0472 1.49853 -13.6184 10.5421 0.442852 0.628834 0.395534 0.501999 0.313434 0.427737 0.138044 -1.0472 1.49853 -13.6184 10.5421 0.442852 0.628834 0.395534 0.501999 0.313434 0.427737 0.138044 -1.0472 1.49853 -13.6184 10.5421 18.9308 -0.01 -0.01 0.00128989 18.9308 -0.01 -0.01 0.00128989 18.9308 -0.01 -0.01 0.00128989 18.9308 -0.01 -0.01 0.00128989 0.03
37.1031 -48.8175 15.2179 5.91599e-15 7.3277e-17 -0.0123853 0.999923 10 -1.32133 -10 -0.0697083 -0.1 -3.32899e-14 0.448574 0.635972 0.394192 0.488808 0.0340077 0.549483 0.137336 -1.0472 2.04785 -14.573 7.809 0.448574 0.635972 0.394192 0.488808 0.0340077 0.549483 0.137336 -1.0472 2.04785 -14.573 7.809 0.448574 0.635972 0.394192 0.488808 0.0340077 0.549483 0.137336 -1.0472 2.04785 -14.573 7.809 0.448574 0.635972 0.394192 0.488808 0.0340077 0.549483 0.137336 -1.0472 2.04785 -14.573 7.809 23.8049 -0.01 0.01 0.00131785 23.8049 -0.01 0.01 0.00131785 23.8049 -0.01 0.01 0.00131785 23.8049 -0.01 0.01 0.00131785 0.06
37.6051 -48.8969 14.7174 6.74442e-15 1.1044e-16 -0.0163728 0.999866 10 -1.90134 -10 -0.1 -0.1 -3.78219e-14 0.451872 0.641193 0.393276 0.479602 0.208587 0.269452 0.135899 -1.0472 2.38755 -15.8392 5.85178 0.451872 0.641193 0.393276 0.479602 0.208587 0.269452 0.135899 -1.0472 2.38755 -15.8392 5.85178 0.451872 0.641193 0.393276 0.479602 0.208587 0.269452 0.135899 -1.0472 2.38755 -15.8392 5.85178 0.451872 0.641193 0.393276 0.479602 0.208587 0.269452 0.135899 -1.0472 2.38755 -15.8392 5.85178 24.2123 0.01 -0.01 0.00122235 24.2123 0.01 -0.01 0.00122235 24.2123 0.01 -0.01 0.00122235 24.2123 0.01 -0.01 0.00122235 0.05
37.8066 -48.9376 14.5176 7.11168e-15 1.29315e-16 -0.0181805 0.999835 10 -2.18119 -9.97918 -0.1 -0.1 -4.13469e-14 0.453012 0.641917 0.394464 0.476572 0.269239 0.172164 0.135378 -1.0472 2.49767 -16.4359 5.1727 0.453012 0.641917 0.394464 0.476572 0.269239 0.172164 0.135378 -1.0472 2.49767 -16.4359 5.1727 0.453012 0.641917 0.394464 0.476572 0.269239 0.172164 0.135378 -1.0472 2.49767 -16.4359 5.1727 0.453012 0.641917 0.394464 0.476572 0.269239 0.172164 0.135378 -1.0472 2.49767 -16.4359 5.1727 25.0177 0.01 -0.01 0.00122619 25.0177 0.01 -0.01 0.00122619 25.0177 0.01 -0.01 0.00122619 25.0177 0.01 -0.01 0.00122619 0.02
