-10 -40 20 0 0 0 1 
-9.89878 -39.9908 19.9991 4.31072e-05 -0.000302842 -5.61427e-05 1 
-9.79755 -39.9816 19.9981 8.62143e-05 -0.000605683 -0.000112285 1 
-9.69633 -39.9723 19.9972 0.000129321 -0.000908525 -0.000168428 1 
-9.59511 -39.9631 19.9963 0.000172429 -0.00121137 -0.000224571 0.999999 
-9.49388 -39.9539 19.9954 0.000215536 -0.00151421 -0.000280713 0.999999 
-9.39266 -39.9447 19.9944 0.000258643 -0.00181705 -0.000336856 0.999998 
-9.29143 -39.9355 19.9935 0.00030175 -0.00211989 -0.000392998 0.999998 
-9.19021 -39.9262 19.9926 0.000344857 -0.00242273 -0.000449141 0.999997 
-9.08899 -39.917 19.9916 0.000387964 -0.00272557 -0.000505283 0.999996 
-8.98776 -39.9078 19.9907 0.000431071 -0.00302841 -0.000561426 0.999995 
-8.88654 -39.8986 19.9898 0.000474178 -0.00333125 -0.000617568 0.999994 
-8.78532 -39.8894 19.9888 0.000517285 -0.00363409 -0.00067371 0.999993 
-8.68409 -39.8801 19.9879 0.000560391 -0.00393693 -0.000729853 0.999992 
-8.58287 -39.8709 19.987 0.000603498 -0.00423977 -0.000785995 0.999991 
-8.48165 -39.8617 19.9861 0.000646605 -0.00454261 -0.000842137 0.999989 
-8.38042 -39.8525 19.9851 0.000689712 -0.00484545 -0.000898279 0.999988 
-8.2792 -39.8433 19.9842 0.000732818 -0.00514828 -0.000954421 0.999986 
-8.17797 -39.8341 19.9833 0.000775925 -0.00545112 -0.00101056 0.999984 
-8.07675 -39.8248 19.9823 0.000819031 -0.00575396 -0.0010667 0.999983 
-7.97553 -39.8156 19.9814 0.000862138 -0.00605679 -0.00112285 0.999981 
-7.8743 -39.8064 19.9805 0.000905244 -0.00635963 -0.00117899 0.999979 
-7.77308 -39.7972 19.9795 0.00094835 -0.00666246 -0.00123513 0.999977 
-7.67186 -39.788 19.9786 0.000991456 -0.0069653 -0.00129127 0.999974 
-7.57063 -39.7787 19.9777 0.00103456 -0.00726813 -0.00134741 0.999972 
-7.46941 -39.7695 19.9768 0.00107767 -0.00757097 -0.00140355 0.99997 
-7.36819 -39.7603 19.9758 0.00112077 -0.0078738 -0.00145969 0.999967 
-7.26696 -39.7511 19.9749 0.00116388 -0.00817663 -0.00151583 0.999965 
-7.16574 -39.7419 19.974 0.00120699 -0.00847946 -0.00157197 0.999962 
-7.06452 -39.7326 19.973 0.00125009 -0.00878229 -0.00162812 0.999959 
-6.96329 -39.7234 19.9721 0.0012932 -0.00908512 -0.00168426 0.999956 
-6.86207 -39.7142 19.9712 0.0013363 -0.00938795 -0.0017404 0.999954 
-6.76084 -39.705 19.9702 0.00137941 -0.00969077 -0.00179654 0.99995 
-6.65962 -39.6958 19.9693 0.00142251 -0.0099936 -0.00185268 0.999947 
-6.5584 -39.6865 19.9684 0.00146562 -0.0102964 -0.00190881 0.999944 
-6.45717 -39.6773 19.9675 0.00150872 -0.0105992 -0.00196495 0.999941 
-6.35595 -39.6681 19.9665 0.00155183 -0.0109021 -0.00202109 0.999937 
-6.25473 -39.6589 19.9656 0.00159493 -0.0112049 -0.00207723 0.999934 
-6.1535 -39.6497 19.9647 0.00163803 -0.0115077 -0.00213337 0.99993 
-6.05228 -39.6404 19.9637 0.00168114 -0.0118105 -0.00218951 0.999926 
-5.95106 -39.6312 19.9628 0.00172424 -0.0121134 -0.00224565 0.999923 
-5.84983 -39.622 19.9619 0.00176735 -0.0124162 -0.00230179 0.999919 
-5.74861 -39.6128 19.961 0.00181045 -0.012719 -0.00235792 0.999915 
-5.64738 -39.6036 19.96 0.00185355 -0.0130218 -0.00241406 0.999911 
-5.54616 -39.5944 19.9591 0.00189666 -0.0133246 -0.0024702 0.999906 
-5.44494 -39.5851 19.9582 0.00193976 -0.0136274 -0.00252634 0.999902 
-5.34371 -39.5759 19.9572 0.00198286 -0.0139302 -0.00258247 0.999898 
-5.24249 -39.5667 19.9563 0.00202596 -0.0142331 -0.00263861 0.999893 
-5.14127 -39.5575 19.9554 0.00206907 -0.0145359 -0.00269475 0.999889 
-5.04004 -39.5483 19.9544 0.00211217 -0.0148387 -0.00275088 0.999884 
-4.93882 -39.539 19.9535 0.00215527 -0.0151415 -0.00280702 0.999879 
-4.8376 -39.5298 19.9526 0.00219837 -0.0154443 -0.00286316 0.999874 
-4.73637 -39.5206 19.9517 0.00224147 -0.0157471 -0.00291929 0.999869 
-4.63515 -39.5114 19.9507 0.00228458 -0.0160499 -0.00297543 0.999864 
-4.53392 -39.5022 19.9498 0.00232768 -0.0163527 -0.00303156 0.999859 
-4.4327 -39.4929 19.9489 0.00237078 -0.0166555 -0.0030877 0.999854 
-4.33148 -39.4837 19.9479 0.00241388 -0.0169583 -0.00314383 0.999848 
-4.23025 -39.4745 19.947 0.00245698 -0.0172611 -0.00319996 0.999843 
-4.12903 -39.4653 19.9461 0.00250008 -0.0175639 -0.0032561 0.999837 
-4.02781 -39.4561 19.9451 0.00254318 -0.0178667 -0.00331223 0.999832 
-3.92658 -39.4468 19.9442 0.00258628 -0.0181694 -0.00336836 0.999826 
-3.82536 -39.4376 19.9433 0.00262938 -0.0184722 -0.0034245 0.99982 
-3.72414 -39.4284 19.9424 0.00267248 -0.018775 -0.00348063 0.999814 
-3.62291 -39.4192 19.9414 0.00271558 -0.0190778 -0.00353676 0.999808 
-3.52169 -39.41 19.9405 0.00275868 -0.0193806 -0.00359289 0.999802 
-3.42047 -39.4007 19.9396 0.00280177 -0.0196834 -0.00364902 0.999796 
-3.31924 -39.3915 19.9386 0.00284487 -0.0199861 -0.00370516 0.999789 
-3.21802 -39.3823 19.9377 0.00288797 -0.0202889 -0.00376129 0.999783 
-3.11679 -39.3731 19.9368 0.00293107 -0.0205917 -0.00381742 0.999776 
-3.01557 -39.3639 19.9358 0.00297417 -0.0208945 -0.00387355 0.99977 
-2.91435 -39.3546 19.9349 0.00301726 -0.0211972 -0.00392968 0.999763 
-2.81312 -39.3454 19.934 0.00306036 -0.0215 -0.0039858 0.999756 
-2.7119 -39.3362 19.9331 0.00310346 -0.0218028 -0.00404193 0.999749 
-2.61068 -39.327 19.9321 0.00314655 -0.0221055 -0.00409806 0.999742 
-2.50945 -39.3178 19.9312 0.00318965 -0.0224083 -0.00415419 0.999735 
-2.40823 -39.3086 19.9303 0.00323274 -0.0227111 -0.00421032 0.999728 
-2.30701 -39.2993 19.9293 0.00327584 -0.0230138 -0.00426644 0.999721 
-2.20578 -39.2901 19.9284 0.00331893 -0.0233166 -0.00432257 0.999713 
-2.10456 -39.2809 19.9275 0.00336203 -0.0236193 -0.0043787 0.999706 
-2.00333 -39.2717 19.9265 0.00340512 -0.0239221 -0.00443482 0.999698 
-1.90211 -39.2625 19.9256 0.00344822 -0.0242248 -0.00449095 0.999691 
-1.80089 -39.2532 19.9247 0.00349131 -0.0245276 -0.00454707 0.999683 
-1.69966 -39.244 19.9238 0.0035344 -0.0248303 -0.0046032 0.999675 
-1.59844 -39.2348 19.9228 0.0035775 -0.0251331 -0.00465932 0.999667 
-1.49722 -39.2256 19.9219 0.00362059 -0.0254358 -0.00471545 0.999659 
-1.39599 -39.2164 19.921 0.00366368 -0.0257385 -0.00477157 0.999651 
-1.29477 -39.2071 19.92 0.00370677 -0.0260413 -0.00482769 0.999642 
-1.19355 -39.1979 19.9191 0.00374986 -0.026344 -0.00488382 0.999634 
-1.09232 -39.1887 19.9182 0.00379296 -0.0266467 -0.00493994 0.999626 
-0.991098 -39.1795 19.9173 0.00383605 -0.0269495 -0.00499606 0.999617 
-0.889875 -39.1703 19.9163 0.00387914 -0.0272522 -0.00505218 0.999608 
-0.788651 -39.161 19.9154 0.00392223 -0.0275549 -0.0051083 0.9996 
-0.687428 -39.1518 19.9145 0.00396532 -0.0278576 -0.00516442 0.999591 
-0.586204 -39.1426 19.9135 0.00400841 -0.0281603 -0.00522054 0.999582 
-0.48498 -39.1334 19.9126 0.0040515 -0.0284631 -0.00527666 0.999573 
-0.383757 -39.1242 19.9117 0.00409458 -0.0287658 -0.00533278 0.999564 
-0.282533 -39.1149 19.9107 0.00413767 -0.0290685 -0.00538889 0.999554 
-0.18131 -39.1057 19.9098 0.00418076 -0.0293712 -0.00544501 0.999545 
-0.080086 -39.0965 19.9089 0.00422385 -0.0296739 -0.00550113 0.999536 
0.0211376 -39.0873 19.908 0.00426693 -0.0299766 -0.00555725 0.999526 
0.122361 -39.0781 19.907 0.00431002 -0.0302793 -0.00561336 0.999516 
0.223585 -39.0689 19.9061 0.00435311 -0.030582 -0.00566948 0.999507 
0.324808 -39.0596 19.9052 0.00439619 -0.0308847 -0.00572559 0.999497 
0.426032 -39.0504 19.9042 0.00443928 -0.0311874 -0.00578171 0.999487 
0.527256 -39.0412 19.9033 0.00448236 -0.03149 -0.00583782 0.999477 
0.628479 -39.032 19.9024 0.00452545 -0.0317927 -0.00589393 0.999467 
0.729703 -39.0228 19.9014 0.00456853 -0.0320954 -0.00595004 0.999457 
0.830927 -39.0135 19.9005 0.00461161 -0.0323981 -0.00600616 0.999446 
0.93215 -39.0043 19.8996 0.0046547 -0.0327008 -0.00606227 0.999436 
1.03337 -38.9951 19.8987 0.00469778 -0.0330034 -0.00611838 0.999425 
1.1346 -38.9859 19.8977 0.00474086 -0.0333061 -0.00617449 0.999415 
1.23582 -38.9767 19.8968 0.00478394 -0.0336087 -0.0062306 0.999404 
1.33704 -38.9674 19.8959 0.00482703 -0.0339114 -0.00628671 0.999393 
1.43827 -38.9582 19.8949 0.00487011 -0.0342141 -0.00634281 0.999383 
1.53949 -38.949 19.894 0.00491319 -0.0345167 -0.00639892 0.999372 
1.64072 -38.9398 19.8931 0.00495627 -0.0348194 -0.00645503 0.99936 
1.74194 -38.9306 19.8921 0.00499935 -0.035122 -0.00651114 0.999349 
1.84316 -38.9213 19.8912 0.00504242 -0.0354247 -0.00656724 0.999338 
1.94439 -38.9121 19.8903 0.0050855 -0.0357273 -0.00662335 0.999327 
2.04561 -38.9029 19.8894 0.00512858 -0.0360299 -0.00667945 0.999315 
2.14683 -38.8937 19.8884 0.00517166 -0.0363326 -0.00673556 0.999304 
2.24806 -38.8845 19.8875 0.00521473 -0.0366352 -0.00679166 0.999292 
2.34928 -38.8752 19.8866 0.00525781 -0.0369378 -0.00684776 0.99928 
2.4505 -38.866 19.8856 0.00530089 -0.0372404 -0.00690386 0.999268 
2.55173 -38.8568 19.8847 0.00534396 -0.0375431 -0.00695996 0.999256 
2.65295 -38.8476 19.8838 0.00538704 -0.0378457 -0.00701606 0.999244 
2.75418 -38.8384 19.8829 0.00543011 -0.0381483 -0.00707216 0.999232 
2.8554 -38.8291 19.8819 0.00547319 -0.0384509 -0.00712826 0.99922 
2.95662 -38.8199 19.881 0.00551626 -0.0387535 -0.00718436 0.999208 
3.05785 -38.8107 19.8801 0.00555933 -0.0390561 -0.00724046 0.999195 
3.15907 -38.8015 19.8791 0.0056024 -0.0393587 -0.00729656 0.999183 
3.26029 -38.7923 19.8782 0.00564548 -0.0396613 -0.00735265 0.99917 
3.36152 -38.7831 19.8773 0.00568855 -0.0399639 -0.00740875 0.999157 
3.46274 -38.7738 19.8763 0.00573162 -0.0402665 -0.00746484 0.999145 
3.56396 -38.7646 19.8754 0.00577469 -0.040569 -0.00752094 0.999132 
3.66519 -38.7554 19.8745 0.00581776 -0.0408716 -0.00757703 0.999119 
3.76641 -38.7462 19.8736 0.00586083 -0.0411742 -0.00763313 0.999106 
3.86763 -38.737 19.8726 0.00590389 -0.0414768 -0.00768922 0.999092 
3.96886 -38.7277 19.8717 0.00594696 -0.0417793 -0.00774531 0.999079 
4.07008 -38.7185 19.8708 0.00599003 -0.0420819 -0.0078014 0.999066 
4.17131 -38.7093 19.8698 0.00603309 -0.0423844 -0.00785749 0.999052 
4.27253 -38.7001 19.8689 0.00607616 -0.042687 -0.00791358 0.999039 
4.37375 -38.6909 19.868 0.00611923 -0.0429895 -0.00796967 0.999025 
4.47498 -38.6816 19.867 0.00616229 -0.0432921 -0.00802575 0.999011 
4.5762 -38.6724 19.8661 0.00620536 -0.0435946 -0.00808184 0.998997 
4.67742 -38.6632 19.8652 0.00624842 -0.0438972 -0.00813793 0.998983 
4.77865 -38.654 19.8643 0.00629148 -0.0441997 -0.00819401 0.998969 
4.87987 -38.6448 19.8633 0.00633454 -0.0445022 -0.0082501 0.998955 
4.98109 -38.6355 19.8624 0.00637761 -0.0448047 -0.00830618 0.998941 
5.08232 -38.6263 19.8615 0.00642067 -0.0451073 -0.00836226 0.998927 
5.18354 -38.6171 19.8605 0.00646373 -0.0454098 -0.00841834 0.998912 
5.28477 -38.6079 19.8596 0.00650679 -0.0457123 -0.00847443 0.998898 
5.38599 -38.5987 19.8587 0.00654985 -0.0460148 -0.00853051 0.998883 
5.48721 -38.5894 19.8577 0.00659291 -0.0463173 -0.00858659 0.998868 
5.58844 -38.5802 19.8568 0.00663596 -0.0466198 -0.00864266 0.998853 
5.68966 -38.571 19.8559 0.00667902 -0.0469223 -0.00869874 0.998838 
5.79088 -38.5618 19.855 0.00672208 -0.0472248 -0.00875482 0.998823 
5.89211 -38.5526 19.854 0.00676513 -0.0475273 -0.0088109 0.998808 
5.99333 -38.5434 19.8531 0.00680819 -0.0478297 -0.00886697 0.998793 
6.09455 -38.5341 19.8522 0.00685124 -0.0481322 -0.00892305 0.998778 
6.19578 -38.5249 19.8512 0.0068943 -0.0484347 -0.00897912 0.998762 
6.297 -38.5157 19.8503 0.00693735 -0.0487371 -0.00903519 0.998747 
6.39823 -38.5065 19.8494 0.0069804 -0.0490396 -0.00909126 0.998731 
6.49945 -38.4973 19.8485 0.00702346 -0.0493421 -0.00914733 0.998715 
6.60067 -38.488 19.8475 0.00706651 -0.0496445 -0.0092034 0.9987 
6.7019 -38.4788 19.8466 0.00710956 -0.0499469 -0.00925947 0.998684 
6.80312 -38.4696 19.8457 0.00715261 -0.0502494 -0.00931554 0.998668 
6.90434 -38.4604 19.8447 0.00719566 -0.0505518 -0.00937161 0.998652 
7.00557 -38.4512 19.8438 0.00723871 -0.0508543 -0.00942768 0.998635 
7.10679 -38.4419 19.8429 0.00728176 -0.0511567 -0.00948374 0.998619 
7.20801 -38.4327 19.8419 0.0073248 -0.0514591 -0.00953981 0.998603 
7.30924 -38.4235 19.841 0.00736785 -0.0517615 -0.00959587 0.998586 
7.41046 -38.4143 19.8401 0.00741089 -0.0520639 -0.00965193 0.99857 
7.51168 -38.4051 19.8392 0.00745394 -0.0523663 -0.00970799 0.998553 
7.61291 -38.3958 19.8382 0.00749698 -0.0526687 -0.00976406 0.998536 
7.71413 -38.3866 19.8373 0.00754003 -0.0529711 -0.00982012 0.998519 
7.81536 -38.3774 19.8364 0.00758307 -0.0532735 -0.00987617 0.998502 
7.91658 -38.3682 19.8354 0.00762611 -0.0535759 -0.00993223 0.998485 
8.0178 -38.359 19.8345 0.00766915 -0.0538783 -0.00998829 0.998468 
8.11903 -38.3497 19.8336 0.0077122 -0.0541807 -0.0100443 0.998451 
8.22025 -38.3405 19.8326 0.00775524 -0.054483 -0.0101004 0.998433 
8.32147 -38.3313 19.8317 0.00779827 -0.0547854 -0.0101565 0.998416 
8.4227 -38.3221 19.8308 0.00784131 -0.0550878 -0.0102125 0.998398 
8.52392 -38.3129 19.8299 0.00788435 -0.0553901 -0.0102686 0.998381 
8.62514 -38.3036 19.8289 0.00792739 -0.0556925 -0.0103246 0.998363 
8.72637 -38.2944 19.828 0.00797042 -0.0559948 -0.0103807 0.998345 
8.82759 -38.2852 19.8271 0.00801346 -0.0562971 -0.0104367 0.998327 
8.92882 -38.276 19.8261 0.00805649 -0.0565995 -0.0104928 0.998309 
9.03004 -38.2668 19.8252 0.00809953 -0.0569018 -0.0105488 0.998291 
9.13126 -38.2576 19.8243 0.00814256 -0.0572041 -0.0106049 0.998273 
9.23249 -38.2483 19.8233 0.00818559 -0.0575064 -0.0106609 0.998255 
9.33371 -38.2391 19.8224 0.00822863 -0.0578087 -0.0107169 0.998236 
9.43493 -38.2299 19.8215 0.00827166 -0.0581111 -0.010773 0.998218 
9.53616 -38.2207 19.8206 0.00831469 -0.0584134 -0.010829 0.998199 
9.63738 -38.2115 19.8196 0.00835772 -0.0587156 -0.0108851 0.99818 
9.7386 -38.2022 19.8187 0.00840074 -0.0590179 -0.0109411 0.998162 
9.83983 -38.193 19.8178 0.00844377 -0.0593202 -0.0109971 0.998143 
9.94105 -38.1838 19.8168 0.0084868 -0.0596225 -0.0110532 0.998124 
10.0423 -38.1746 19.8159 0.00852982 -0.0599248 -0.0111092 0.998105 
10.1435 -38.1654 19.815 0.00857285 -0.060227 -0.0111653 0.998085 
10.2447 -38.1561 19.814 0.00861587 -0.0605293 -0.0112213 0.998066 
10.3459 -38.1469 19.8131 0.0086589 -0.0608315 -0.0112773 0.998047 
10.4472 -38.1377 19.8122 0.00870192 -0.0611338 -0.0113334 0.998027 
10.5484 -38.1285 19.8113 0.00874494 -0.061436 -0.0113894 0.998008 
10.6496 -38.1193 19.8103 0.00878796 -0.0617383 -0.0114454 0.997988 
10.7508 -38.11 19.8094 0.00883098 -0.0620405 -0.0115014 0.997968 
10.8521 -38.1008 19.8085 0.008874 -0.0623427 -0.0115575 0.997948 
10.9533 -38.0916 19.8075 0.00891702 -0.0626449 -0.0116135 0.997928 
11.0545 -38.0824 19.8066 0.00896004 -0.0629471 -0.0116695 0.997908 
11.1557 -38.0732 19.8057 0.00900305 -0.0632493 -0.0117256 0.997888 
11.257 -38.0639 19.8048 0.00904607 -0.0635515 -0.0117816 0.997868 
11.3582 -38.0547 19.8038 0.00908908 -0.0638537 -0.0118376 0.997848 
11.4594 -38.0455 19.8029 0.0091321 -0.0641559 -0.0118936 0.997827 
11.5606 -38.0363 19.802 0.00917511 -0.0644581 -0.0119496 0.997807 
11.6619 -38.0271 19.801 0.00921812 -0.0647603 -0.0120057 0.997786 
11.7631 -38.0178 19.8001 0.00926113 -0.0650625 -0.0120617 0.997765 
11.8643 -38.0086 19.7992 0.00930414 -0.0653646 -0.0121177 0.997744 
11.9655 -37.9994 19.7982 0.00934715 -0.0656668 -0.0121737 0.997724 
12.0667 -37.9902 19.7973 0.00939016 -0.0659689 -0.0122297 0.997703 
12.168 -37.981 19.7964 0.00943317 -0.0662711 -0.0122857 0.997681 
12.2692 -37.9718 19.7955 0.00947618 -0.0665732 -0.0123418 0.99766 
12.3704 -37.9625 19.7945 0.00951918 -0.0668753 -0.0123978 0.997639 
12.4716 -37.9533 19.7936 0.00956219 -0.0671775 -0.0124538 0.997617 
12.5729 -37.9441 19.7927 0.00960519 -0.0674796 -0.0125098 0.997596 
12.6741 -37.9349 19.7917 0.00964819 -0.0677817 -0.0125658 0.997574 
12.7753 -37.9257 19.7908 0.0096912 -0.0680838 -0.0126218 0.997553 
12.8765 -37.9164 19.7899 0.0097342 -0.0683859 -0.0126778 0.997531 
12.9778 -37.9072 19.7889 0.0097772 -0.068688 -0.0127338 0.997509 
13.079 -37.898 19.788 0.0098202 -0.0689901 -0.0127898 0.997487 
13.1802 -37.8888 19.7871 0.0098632 -0.0692921 -0.0128458 0.997465 
13.2814 -37.8796 19.7862 0.00990619 -0.0695942 -0.0129018 0.997443 
13.3827 -37.8703 19.7852 0.00994919 -0.0698963 -0.0129578 0.99742 
13.4839 -37.8611 19.7843 0.00999218 -0.0701983 -0.0130138 0.997398 
13.5851 -37.8519 19.7834 0.0100352 -0.0705004 -0.0130698 0.997376 
13.6863 -37.8427 19.7824 0.0100782 -0.0708024 -0.0131258 0.997353 
13.7875 -37.8335 19.7815 0.0101212 -0.0711045 -0.0131818 0.99733 
13.8888 -37.8242 19.7806 0.0101642 -0.0714065 -0.0132378 0.997308 
13.99 -37.815 19.7796 0.0102071 -0.0717085 -0.0132938 0.997285 
14.0912 -37.8058 19.7787 0.0102501 -0.0720105 -0.0133498 0.997262 
14.1924 -37.7966 19.7778 0.0102931 -0.0723125 -0.0134057 0.997239 
14.2937 -37.7874 19.7769 0.0103361 -0.0726145 -0.0134617 0.997216 
14.3949 -37.7781 19.7759 0.0103791 -0.0729165 -0.0135177 0.997192 
14.4961 -37.7689 19.775 0.0104221 -0.0732185 -0.0135737 0.997169 
14.5973 -37.7597 19.7741 0.0104651 -0.0735205 -0.0136297 0.997146 
14.6986 -37.7505 19.7731 0.0105081 -0.0738225 -0.0136857 0.997122 
14.7998 -37.7413 19.7722 0.010551 -0.0741244 -0.0137416 0.997098 
14.901 -37.7321 19.7713 0.010594 -0.0744264 -0.0137976 0.997075 
15.0022 -37.7228 19.7704 0.010637 -0.0747283 -0.0138536 0.997051 
15.1035 -37.7136 19.7694 0.01068 -0.0750303 -0.0139096 0.997027 
15.2047 -37.7044 19.7685 0.010723 -0.0753322 -0.0139656 0.997003 
15.3059 -37.6952 19.7676 0.0107659 -0.0756342 -0.0140215 0.996979 
15.4071 -37.686 19.7666 0.0108089 -0.0759361 -0.0140775 0.996955 
15.5084 -37.6767 19.7657 0.0108519 -0.076238 -0.0141335 0.99693 
15.6096 -37.6675 19.7648 0.0108949 -0.0765399 -0.0141894 0.996906 
15.7108 -37.6583 19.7638 0.0109378 -0.0768418 -0.0142454 0.996882 
15.812 -37.6491 19.7629 0.0109808 -0.0771437 -0.0143014 0.996857 
15.9132 -37.6399 19.762 0.0110238 -0.0774456 -0.0143573 0.996832 
16.0145 -37.6306 19.7611 0.0110667 -0.0777475 -0.0144133 0.996807 
16.1157 -37.6214 19.7601 0.0111097 -0.0780493 -0.0144693 0.996783 
16.2169 -37.6122 19.7592 0.0111527 -0.0783512 -0.0145252 0.996758 
16.3181 -37.603 19.7583 0.0111957 -0.0786531 -0.0145812 0.996733 
16.4194 -37.5938 19.7573 0.0112386 -0.0789549 -0.0146371 0.996707 
16.5206 -37.5845 19.7564 0.0112816 -0.0792567 -0.0146931 0.996682 
16.6218 -37.5753 19.7555 0.0113245 -0.0795586 -0.0147491 0.996657 
16.723 -37.5661 19.7545 0.0113675 -0.0798604 -0.014805 0.996631 
16.8243 -37.5569 19.7536 0.0114105 -0.0801622 -0.014861 0.996606 
16.9255 -37.5477 19.7527 0.0114534 -0.080464 -0.0149169 0.99658 
17.0267 -37.5384 19.7518 0.0114964 -0.0807658 -0.0149729 0.996554 
17.1279 -37.5292 19.7508 0.0115393 -0.0810676 -0.0150288 0.996528 
17.2292 -37.52 19.7499 0.0115823 -0.0813694 -0.0150848 0.996503 
17.3304 -37.5108 19.749 0.0116253 -0.0816712 -0.0151407 0.996477 
17.4316 -37.5016 19.748 0.0116682 -0.081973 -0.0151967 0.99645 
17.5328 -37.4923 19.7471 0.0117112 -0.0822747 -0.0152526 0.996424 
17.634 -37.4831 19.7462 0.0117541 -0.0825765 -0.0153085 0.996398 
17.7353 -37.4739 19.7452 0.0117971 -0.0828782 -0.0153645 0.996371 
17.8365 -37.4647 19.7443 0.01184 -0.08318 -0.0154204 0.996345 
17.9377 -37.4555 19.7434 0.011883 -0.0834817 -0.0154764 0.996318 
18.0389 -37.4463 19.7425 0.0119259 -0.0837834 -0.0155323 0.996292 
18.1402 -37.437 19.7415 0.0119689 -0.0840851 -0.0155882 0.996265 
18.2414 -37.4278 19.7406 0.0120118 -0.0843868 -0.0156442 0.996238 
18.3426 -37.4186 19.7397 0.0120548 -0.0846885 -0.0157001 0.996211 
18.4438 -37.4094 19.7387 0.0120977 -0.0849902 -0.015756 0.996184 
18.5451 -37.4002 19.7378 0.0121406 -0.0852919 -0.0158119 0.996157 
18.6463 -37.3909 19.7369 0.0121836 -0.0855936 -0.0158679 0.996129 
18.7475 -37.3817 19.736 0.0122265 -0.0858953 -0.0159238 0.996102 
18.8487 -37.3725 19.735 0.0122695 -0.0861969 -0.0159797 0.996074 
18.95 -37.3633 19.7341 0.0123124 -0.0864986 -0.0160356 0.996047 
19.0512 -37.3541 19.7332 0.0123553 -0.0868002 -0.0160916 0.996019 
19.1524 -37.3448 19.7322 0.0123983 -0.0871018 -0.0161475 0.995991 
19.2536 -37.3356 19.7313 0.0124412 -0.0874035 -0.0162034 0.995964 
19.3548 -37.3264 19.7304 0.0124841 -0.0877051 -0.0162593 0.995936 
19.4561 -37.3172 19.7294 0.0125271 -0.0880067 -0.0163152 0.995907 
19.5573 -37.308 19.7285 0.01257 -0.0883083 -0.0163711 0.995879 
19.6585 -37.2987 19.7276 0.0126129 -0.0886099 -0.016427 0.995851 
19.7597 -37.2895 19.7267 0.0126559 -0.0889114 -0.016483 0.995823 
19.861 -37.2803 19.7257 0.0126988 -0.089213 -0.0165389 0.995794 
19.9622 -37.2711 19.7248 0.0127417 -0.0895146 -0.0165948 0.995766 
20.0634 -37.2619 19.7239 0.0127846 -0.0898161 -0.0166507 0.995737 
20.1646 -37.2526 19.7229 0.0128275 -0.0901177 -0.0167066 0.995708 
20.2659 -37.2434 19.722 0.0128705 -0.0904192 -0.0167625 0.99568 
20.3671 -37.2342 19.7211 0.0129134 -0.0907207 -0.0168184 0.995651 
20.4683 -37.225 19.7201 0.0129563 -0.0910223 -0.0168743 0.995622 
20.5695 -37.2158 19.7192 0.0129992 -0.0913238 -0.0169302 0.995592 
20.6708 -37.2066 19.7183 0.0130421 -0.0916253 -0.0169861 0.995563 
20.772 -37.1973 19.7174 0.0130851 -0.0919268 -0.017042 0.995534 
20.8732 -37.1881 19.7164 0.013128 -0.0922283 -0.0170978 0.995505 
20.9744 -37.1789 19.7155 0.0131709 -0.0925297 -0.0171537 0.995475 
21.0756 -37.1697 19.7146 0.0132138 -0.0928312 -0.0172096 0.995445 
21.1769 -37.1605 19.7136 0.0132567 -0.0931327 -0.0172655 0.995416 
21.2781 -37.1512 19.7127 0.0132996 -0.0934341 -0.0173214 0.995386 
21.3793 -37.142 19.7118 0.0133425 -0.0937355 -0.0173773 0.995356 
21.4805 -37.1328 19.7108 0.0133854 -0.094037 -0.0174332 0.995326 
21.5818 -37.1236 19.7099 0.0134283 -0.0943384 -0.017489 0.995296 
21.683 -37.1144 19.709 0.0134712 -0.0946398 -0.0175449 0.995266 
21.7842 -37.1051 19.7081 0.0135141 -0.0949412 -0.0176008 0.995236 
21.8854 -37.0959 19.7071 0.013557 -0.0952426 -0.0176567 0.995205 
21.9867 -37.0867 19.7062 0.0135999 -0.095544 -0.0177125 0.995175 
22.0879 -37.0775 19.7053 0.0136428 -0.0958454 -0.0177684 0.995144 
22.1891 -37.0683 19.7043 0.0136857 -0.0961467 -0.0178243 0.995113 
22.2903 -37.059 19.7034 0.0137286 -0.0964481 -0.0178801 0.995083 
22.3916 -37.0498 19.7025 0.0137715 -0.0967494 -0.017936 0.995052 
22.4928 -37.0406 19.7015 0.0138144 -0.0970508 -0.0179919 0.995021 
22.594 -37.0314 19.7006 0.0138573 -0.0973521 -0.0180477 0.99499 
22.6952 -37.0222 19.6997 0.0139002 -0.0976534 -0.0181036 0.994959 
22.7965 -37.0129 19.6988 0.0139431 -0.0979547 -0.0181595 0.994927 
22.8977 -37.0037 19.6978 0.013986 -0.098256 -0.0182153 0.994896 
22.9989 -36.9945 19.6969 0.0140289 -0.0985573 -0.0182712 0.994865 
23.1001 -36.9853 19.696 0.0140718 -0.0988586 -0.018327 0.994833 
23.2013 -36.9761 19.695 0.0141146 -0.0991599 -0.0183829 0.994802 
23.3026 -36.9668 19.6941 0.0141575 -0.0994611 -0.0184387 0.99477 
23.4038 -36.9576 19.6932 0.0142004 -0.0997624 -0.0184946 0.994738 
23.505 -36.9484 19.6923 0.0142433 -0.100064 -0.0185504 0.994706 
23.6062 -36.9392 19.6913 0.0142862 -0.100365 -0.0186063 0.994674 
23.7075 -36.93 19.6904 0.014329 -0.100666 -0.0186621 0.994642 
23.8087 -36.9208 19.6895 0.0143719 -0.100967 -0.0187179 0.99461 
23.9099 -36.9115 19.6885 0.0144148 -0.101269 -0.0187738 0.994578 
24.0111 -36.9023 19.6876 0.0144577 -0.10157 -0.0188296 0.994545 
24.1124 -36.8931 19.6867 0.0145005 -0.101871 -0.0188855 0.994513 
24.2136 -36.8839 19.6857 0.0145434 -0.102172 -0.0189413 0.99448 
24.3148 -36.8747 19.6848 0.0145863 -0.102473 -0.0189971 0.994447 
24.416 -36.8654 19.6839 0.0146291 -0.102774 -0.019053 0.994415 
24.5173 -36.8562 19.683 0.014672 -0.103076 -0.0191088 0.994382 
24.6185 -36.847 19.682 0.0147149 -0.103377 -0.0191646 0.994349 
24.7197 -36.8378 19.6811 0.0147577 -0.103678 -0.0192204 0.994316 
24.8209 -36.8286 19.6802 0.0148006 -0.103979 -0.0192763 0.994283 
24.9221 -36.8193 19.6792 0.0148434 -0.10428 -0.0193321 0.994249 
25.0234 -36.8101 19.6783 0.0148863 -0.104581 -0.0193879 0.994216 
25.1246 -36.8009 19.6774 0.0149292 -0.104882 -0.0194437 0.994182 
25.2258 -36.7917 19.6764 0.014972 -0.105183 -0.0194995 0.994149 
25.327 -36.7825 19.6755 0.0150149 -0.105484 -0.0195553 0.994115 
25.4283 -36.7732 19.6746 0.0150577 -0.105785 -0.0196111 0.994082 
25.5295 -36.764 19.6737 0.0151006 -0.106086 -0.019667 0.994048 
25.6307 -36.7548 19.6727 0.0151434 -0.106387 -0.0197228 0.994014 
25.7319 -36.7456 19.6718 0.0151863 -0.106688 -0.0197786 0.99398 
25.8332 -36.7364 19.6709 0.0152291 -0.10699 -0.0198344 0.993946 
25.9344 -36.7271 19.6699 0.015272 -0.107291 -0.0198902 0.993911 
26.0356 -36.7179 19.669 0.0153148 -0.107592 -0.019946 0.993877 
26.1368 -36.7087 19.6681 0.0153577 -0.107892 -0.0200018 0.993843 
26.2381 -36.6995 19.6671 0.0154005 -0.108193 -0.0200576 0.993808 
26.3393 -36.6903 19.6662 0.0154433 -0.108494 -0.0201134 0.993774 
26.4405 -36.6811 19.6653 0.0154862 -0.108795 -0.0201692 0.993739 
26.5417 -36.6718 19.6644 0.015529 -0.109096 -0.0202249 0.993704 
26.6429 -36.6626 19.6634 0.0155718 -0.109397 -0.0202807 0.993669 
26.7442 -36.6534 19.6625 0.0156147 -0.109698 -0.0203365 0.993634 
26.8454 -36.6442 19.6616 0.0156575 -0.109999 -0.0203923 0.993599 
26.9466 -36.635 19.6606 0.0157003 -0.1103 -0.0204481 0.993564 
27.0478 -36.6257 19.6597 0.0157432 -0.110601 -0.0205039 0.993529 
27.1491 -36.6165 19.6588 0.015786 -0.110902 -0.0205596 0.993493 
27.2503 -36.6073 19.6579 0.0158288 -0.111203 -0.0206154 0.993458 
27.3515 -36.5981 19.6569 0.0158716 -0.111503 -0.0206712 0.993422 
27.4527 -36.5889 19.656 0.0159145 -0.111804 -0.020727 0.993387 
27.554 -36.5796 19.6551 0.0159573 -0.112105 -0.0207827 0.993351 
27.6552 -36.5704 19.6541 0.0160001 -0.112406 -0.0208385 0.993315 
27.7564 -36.5612 19.6532 0.0160429 -0.112707 -0.0208943 0.993279 
27.8576 -36.552 19.6523 0.0160857 -0.113008 -0.02095 0.993243 
27.9589 -36.5428 19.6513 0.0161286 -0.113308 -0.0210058 0.993207 
28.0601 -36.5335 19.6504 0.0161714 -0.113609 -0.0210616 0.993171 
28.1613 -36.5243 19.6495 0.0162142 -0.11391 -0.0211173 0.993134 
28.2625 -36.5151 19.6486 0.016257 -0.114211 -0.0211731 0.993098 
28.3637 -36.5059 19.6476 0.0162998 -0.114511 -0.0212288 0.993061 
28.465 -36.4967 19.6467 0.0163426 -0.114812 -0.0212846 0.993025 
28.5662 -36.4874 19.6458 0.0163854 -0.115113 -0.0213403 0.992988 
28.6674 -36.4782 19.6448 0.0164282 -0.115414 -0.0213961 0.992951 
28.7686 -36.469 19.6439 0.016471 -0.115714 -0.0214518 0.992914 
28.8699 -36.4598 19.643 0.0165138 -0.116015 -0.0215076 0.992877 
28.9711 -36.4506 19.642 0.0165566 -0.116316 -0.0215633 0.99284 
29.0723 -36.4413 19.6411 0.0165994 -0.116616 -0.0216191 0.992803 
29.1735 -36.4321 19.6402 0.0166422 -0.116917 -0.0216748 0.992766 
29.2748 -36.4229 19.6393 0.016685 -0.117218 -0.0217305 0.992728 
29.376 -36.4137 19.6383 0.0167278 -0.117518 -0.0217863 0.992691 
29.4772 -36.4045 19.6374 0.0167706 -0.117819 -0.021842 0.992653 
29.5784 -36.3953 19.6365 0.0168134 -0.118119 -0.0218977 0.992616 
29.6797 -36.386 19.6355 0.0168562 -0.11842 -0.0219534 0.992578 
29.7809 -36.3768 19.6346 0.016899 -0.118721 -0.0220092 0.99254 
29.8821 -36.3676 19.6337 0.0169417 -0.119021 -0.0220649 0.992502 
29.9833 -36.3584 19.6327 0.0169845 -0.119322 -0.0221206 0.992464 
30.0846 -36.3492 19.6318 0.0170273 -0.119622 -0.0221763 0.992426 
30.1858 -36.3399 19.6309 0.0170701 -0.119923 -0.022232 0.992387 
30.287 -36.3307 19.63 0.0171129 -0.120223 -0.0222878 0.992349 
30.3882 -36.3215 19.629 0.0171556 -0.120524 -0.0223435 0.992311 
30.4894 -36.3123 19.6281 0.0171984 -0.120824 -0.0223992 0.992272 
30.5907 -36.3031 19.6272 0.0172412 -0.121125 -0.0224549 0.992233 
30.6919 -36.2938 19.6262 0.017284 -0.121425 -0.0225106 0.992195 
30.7931 -36.2846 19.6253 0.0173267 -0.121726 -0.0225663 0.992156 
30.8943 -36.2754 19.6244 0.0173695 -0.122026 -0.022622 0.992117 
30.9956 -36.2662 19.6235 0.0174123 -0.122327 -0.0226777 0.992078 
31.0968 -36.257 19.6225 0.017455 -0.122627 -0.0227334 0.992039 
31.198 -36.2477 19.6216 0.0174978 -0.122928 -0.0227891 0.992 
31.2992 -36.2385 19.6207 0.0175406 -0.123228 -0.0228448 0.99196 
31.4005 -36.2293 19.6197 0.0175833 -0.123528 -0.0229005 0.991921 
31.5017 -36.2201 19.6188 0.0176261 -0.123829 -0.0229562 0.991881 
31.6029 -36.2109 19.6179 0.0176688 -0.124129 -0.0230118 0.991842 
31.7041 -36.2016 19.6169 0.0177116 -0.12443 -0.0230675 0.991802 
31.8054 -36.1924 19.616 0.0177543 -0.12473 -0.0231232 0.991762 
31.9066 -36.1832 19.6151 0.0177971 -0.12503 -0.0231789 0.991722 
32.0078 -36.174 19.6142 0.0178398 -0.125331 -0.0232346 0.991682 
32.109 -36.1648 19.6132 0.0178826 -0.125631 -0.0232902 0.991642 
32.2102 -36.1556 19.6123 0.0179253 -0.125931 -0.0233459 0.991602 
32.3115 -36.1463 19.6114 0.0179681 -0.126232 -0.0234016 0.991562 
32.4127 -36.1371 19.6104 0.0180108 -0.126532 -0.0234573 0.991522 
32.5139 -36.1279 19.6095 0.0180536 -0.126832 -0.0235129 0.991481 
32.6151 -36.1187 19.6086 0.0180963 -0.127132 -0.0235686 0.991441 
32.7164 -36.1095 19.6076 0.018139 -0.127433 -0.0236242 0.9914 
32.8176 -36.1002 19.6067 0.0181818 -0.127733 -0.0236799 0.991359 
32.9188 -36.091 19.6058 0.0182245 -0.128033 -0.0237356 0.991318 
33.02 -36.0818 19.6049 0.0182672 -0.128333 -0.0237912 0.991277 
33.1213 -36.0726 19.6039 0.01831 -0.128633 -0.0238469 0.991236 
33.2225 -36.0634 19.603 0.0183527 -0.128934 -0.0239025 0.991195 
33.3237 -36.0541 19.6021 0.0183954 -0.129234 -0.0239582 0.991154 
33.4249 -36.0449 19.6011 0.0184382 -0.129534 -0.0240138 0.991113 
33.5262 -36.0357 19.6002 0.0184809 -0.129834 -0.0240695 0.991071 
33.6274 -36.0265 19.5993 0.0185236 -0.130134 -0.0241251 0.99103 
33.7286 -36.0173 19.5983 0.0185663 -0.130434 -0.0241807 0.990988 
33.8298 -36.008 19.5974 0.018609 -0.130734 -0.0242364 0.990946 
33.931 -35.9988 19.5965 0.0186518 -0.131035 -0.024292 0.990905 
34.0323 -35.9896 19.5956 0.0186945 -0.131335 -0.0243476 0.990863 
34.1335 -35.9804 19.5946 0.0187372 -0.131635 -0.0244033 0.990821 
34.2347 -35.9712 19.5937 0.0187799 -0.131935 -0.0244589 0.990779 
34.3359 -35.9619 19.5928 0.0188226 -0.132235 -0.0245145 0.990736 
34.4372 -35.9527 19.5918 0.0188653 -0.132535 -0.0245701 0.990694 
34.5384 -35.9435 19.5909 0.018908 -0.132835 -0.0246257 0.990652 
34.6396 -35.9343 19.59 0.0189507 -0.133135 -0.0246814 0.990609 
34.7408 -35.9251 19.589 0.0189934 -0.133435 -0.024737 0.990567 
34.8421 -35.9158 19.5881 0.0190361 -0.133735 -0.0247926 0.990524 
34.9433 -35.9066 19.5872 0.0190788 -0.134035 -0.0248482 0.990481 
35.0445 -35.8974 19.5863 0.0191215 -0.134335 -0.0249038 0.990438 
35.1457 -35.8882 19.5853 0.0191642 -0.134635 -0.0249594 0.990396 
35.247 -35.879 19.5844 0.0192069 -0.134935 -0.025015 0.990352 
35.3482 -35.8698 19.5835 0.0192496 -0.135235 -0.0250706 0.990309 
35.4494 -35.8605 19.5825 0.0192923 -0.135534 -0.0251262 0.990266 
35.5506 -35.8513 19.5816 0.019335 -0.135834 -0.0251818 0.990223 
35.6518 -35.8421 19.5807 0.0193776 -0.136134 -0.0252374 0.990179 
35.7531 -35.8329 19.5798 0.0194203 -0.136434 -0.025293 0.990136 
35.8543 -35.8237 19.5788 0.019463 -0.136734 -0.0253486 0.990092 
35.9555 -35.8144 19.5779 0.0195057 -0.137034 -0.0254042 0.990048 
36.0567 -35.8052 19.577 0.0195484 -0.137334 -0.0254597 0.990005 
36.158 -35.796 19.576 0.019591 -0.137633 -0.0255153 0.989961 
36.2592 -35.7868 19.5751 0.0196337 -0.137933 -0.0255709 0.989917 
36.3604 -35.7776 19.5742 0.0196764 -0.138233 -0.0256265 0.989873 
36.4616 -35.7683 19.5732 0.0197191 -0.138533 -0.025682 0.989828 
36.5629 -35.7591 19.5723 0.0197617 -0.138832 -0.0257376 0.989784 
36.6641 -35.7499 19.5714 0.0198044 -0.139132 -0.0257932 0.98974 
36.7653 -35.7407 19.5705 0.019847 -0.139432 -0.0258488 0.989695 
36.8665 -35.7315 19.5695 0.0198897 -0.139732 -0.0259043 0.989651 
36.9678 -35.7222 19.5686 0.0199324 -0.140031 -0.0259599 0.989606 
37.069 -35.713 19.5677 0.019975 -0.140331 -0.0260154 0.989561 
37.1702 -35.7038 19.5667 0.0200177 -0.140631 -0.026071 0.989516 
37.2714 -35.6946 19.5658 0.0200603 -0.14093 -0.0261265 0.989471 
37.3727 -35.6854 19.5649 0.020103 -0.14123 -0.0261821 0.989426 
37.4739 -35.6761 19.5639 0.0201456 -0.14153 -0.0262376 0.989381 
37.5751 -35.6669 19.563 0.0201883 -0.141829 -0.0262932 0.989336 
37.6763 -35.6577 19.5621 0.0202309 -0.142129 -0.0263487 0.989291 
37.7775 -35.6485 19.5612 0.0202736 -0.142428 -0.0264043 0.989245 
37.8788 -35.6393 19.5602 0.0203162 -0.142728 -0.0264598 0.9892 
37.98 -35.6301 19.5593 0.0203589 -0.143028 -0.0265153 0.989154 
38.0812 -35.6208 19.5584 0.0204015 -0.143327 -0.0265709 0.989108 
38.1824 -35.6116 19.5574 0.0204441 -0.143627 -0.0266264 0.989062 
38.2837 -35.6024 19.5565 0.0204868 -0.143926 -0.0266819 0.989016 
38.3849 -35.5932 19.5556 0.0205294 -0.144226 -0.0267375 0.98897 
38.4861 -35.584 19.5546 0.020572 -0.144525 -0.026793 0.988924 
38.5873 -35.5747 19.5537 0.0206147 -0.144825 -0.0268485 0.988878 
38.6886 -35.5655 19.5528 0.0206573 -0.145124 -0.026904 0.988832 
38.7898 -35.5563 19.5519 0.0206999 -0.145424 -0.0269595 0.988785 
38.891 -35.5471 19.5509 0.0207425 -0.145723 -0.027015 0.988739 
38.9922 -35.5379 19.55 0.0207852 -0.146022 -0.0270705 0.988692 
39.0935 -35.5286 19.5491 0.0208278 -0.146322 -0.0271261 0.988646 
39.1947 -35.5194 19.5481 0.0208704 -0.146621 -0.0271816 0.988599 
39.2959 -35.5102 19.5472 0.020913 -0.146921 -0.0272371 0.988552 
39.3971 -35.501 19.5463 0.0209556 -0.14722 -0.0272926 0.988505 
39.4983 -35.4918 19.5454 0.0209982 -0.147519 -0.0273481 0.988458 
39.5996 -35.4825 19.5444 0.0210408 -0.147819 -0.0274035 0.988411 
39.7008 -35.4733 19.5435 0.0210835 -0.148118 -0.027459 0.988364 
39.802 -35.4641 19.5426 0.0211261 -0.148417 -0.0275145 0.988316 
39.9032 -35.4549 19.5416 0.0211687 -0.148717 -0.02757 0.988269 
40.0045 -35.4457 19.5407 0.0212113 -0.149016 -0.0276255 0.988221 
40.1057 -35.4364 19.5398 0.0212539 -0.149315 -0.027681 0.988174 
40.2069 -35.4272 19.5388 0.0212965 -0.149614 -0.0277365 0.988126 
40.3081 -35.418 19.5379 0.021339 -0.149914 -0.0277919 0.988078 
40.4094 -35.4088 19.537 0.0213816 -0.150213 -0.0278474 0.98803 
40.5106 -35.3996 19.5361 0.0214242 -0.150512 -0.0279029 0.987982 
40.6118 -35.3903 19.5351 0.0214668 -0.150811 -0.0279583 0.987934 
40.713 -35.3811 19.5342 0.0215094 -0.151111 -0.0280138 0.987886 
40.8143 -35.3719 19.5333 0.021552 -0.15141 -0.0280693 0.987837 
40.9155 -35.3627 19.5323 0.0215946 -0.151709 -0.0281247 0.987789 
41.0167 -35.3535 19.5314 0.0216371 -0.152008 -0.0281802 0.98774 
41.1179 -35.3443 19.5305 0.0216797 -0.152307 -0.0282356 0.987692 
41.2191 -35.335 19.5295 0.0217223 -0.152606 -0.0282911 0.987643 
41.3204 -35.3258 19.5286 0.0217649 -0.152905 -0.0283465 0.987594 
41.4216 -35.3166 19.5277 0.0218074 -0.153204 -0.028402 0.987546 
41.5228 -35.3074 19.5268 0.02185 -0.153503 -0.0284574 0.987497 
41.624 -35.2982 19.5258 0.0218926 -0.153802 -0.0285129 0.987447 
41.7253 -35.2889 19.5249 0.0219351 -0.154102 -0.0285683 0.987398 
41.8265 -35.2797 19.524 0.0219777 -0.154401 -0.0286237 0.987349 
41.9277 -35.2705 19.523 0.0220203 -0.1547 -0.0286792 0.9873 
42.0289 -35.2613 19.5221 0.0220628 -0.154999 -0.0287346 0.98725 
42.1302 -35.2521 19.5212 0.0221054 -0.155297 -0.02879 0.987201 
42.2314 -35.2428 19.5202 0.0221479 -0.155596 -0.0288454 0.987151 
42.3326 -35.2336 19.5193 0.0221905 -0.155895 -0.0289008 0.987101 
42.4338 -35.2244 19.5184 0.022233 -0.156194 -0.0289563 0.987051 
42.5351 -35.2152 19.5175 0.0222756 -0.156493 -0.0290117 0.987002 
42.6363 -35.206 19.5165 0.0223181 -0.156792 -0.0290671 0.986951 
42.7375 -35.1967 19.5156 0.0223607 -0.157091 -0.0291225 0.986901 
42.8387 -35.1875 19.5147 0.0224032 -0.15739 -0.0291779 0.986851 
42.9399 -35.1783 19.5137 0.0224458 -0.157689 -0.0292333 0.986801 
43.0412 -35.1691 19.5128 0.0224883 -0.157988 -0.0292887 0.98675 
43.1424 -35.1599 19.5119 0.0225308 -0.158286 -0.0293441 0.9867 
43.2436 -35.1506 19.511 0.0225734 -0.158585 -0.0293995 0.986649 
43.3448 -35.1414 19.51 0.0226159 -0.158884 -0.0294549 0.986599 
43.4461 -35.1322 19.5091 0.0226584 -0.159183 -0.0295103 0.986548 
43.5473 -35.123 19.5082 0.022701 -0.159482 -0.0295657 0.986497 
43.6485 -35.1138 19.5072 0.0227435 -0.15978 -0.0296211 0.986446 
43.7497 -35.1046 19.5063 0.022786 -0.160079 -0.0296764 0.986395 
43.851 -35.0953 19.5054 0.0228285 -0.160378 -0.0297318 0.986344 
43.9522 -35.0861 19.5044 0.022871 -0.160676 -0.0297872 0.986292 
44.0534 -35.0769 19.5035 0.0229135 -0.160975 -0.0298426 0.986241 
44.1546 -35.0677 19.5026 0.0229561 -0.161274 -0.0298979 0.98619 
44.2559 -35.0585 19.5017 0.0229986 -0.161572 -0.0299533 0.986138 
44.3571 -35.0492 19.5007 0.0230411 -0.161871 -0.0300087 0.986086 
44.4583 -35.04 19.4998 0.0230836 -0.16217 -0.030064 0.986035 
44.5595 -35.0308 19.4989 0.0231261 -0.162468 -0.0301194 0.985983 
44.6608 -35.0216 19.4979 0.0231686 -0.162767 -0.0301747 0.985931 
44.762 -35.0124 19.497 0.0232111 -0.163065 -0.0302301 0.985879 
44.8632 -35.0031 19.4961 0.0232536 -0.163364 -0.0302854 0.985827 
44.9644 -34.9939 19.4951 0.0232961 -0.163663 -0.0303408 0.985774 
45.0656 -34.9847 19.4942 0.0233386 -0.163961 -0.0303961 0.985722 
45.1669 -34.9755 19.4933 0.0233811 -0.16426 -0.0304515 0.98567 
45.2681 -34.9663 19.4924 0.0234236 -0.164558 -0.0305068 0.985617 
45.3693 -34.957 19.4914 0.023466 -0.164857 -0.0305621 0.985565 
45.4705 -34.9478 19.4905 0.0235085 -0.165155 -0.0306175 0.985512 
45.5718 -34.9386 19.4896 0.023551 -0.165453 -0.0306728 0.985459 
45.673 -34.9294 19.4886 0.0235935 -0.165752 -0.0307281 0.985406 
45.7742 -34.9202 19.4877 0.023636 -0.16605 -0.0307834 0.985353 
45.8754 -34.9109 19.4868 0.0236784 -0.166349 -0.0308387 0.9853 
45.9767 -34.9017 19.4858 0.0237209 -0.166647 -0.0308941 0.985247 
46.0779 -34.8925 19.4849 0.0237634 -0.166945 -0.0309494 0.985194 
46.1791 -34.8833 19.484 0.0238058 -0.167244 -0.0310047 0.98514 
46.2803 -34.8741 19.4831 0.0238483 -0.167542 -0.03106 0.985087 
46.3816 -34.8648 19.4821 0.0238908 -0.16784 -0.0311153 0.985033 
46.4828 -34.8556 19.4812 0.0239332 -0.168139 -0.0311706 0.98498 
46.584 -34.8464 19.4803 0.0239757 -0.168437 -0.0312259 0.984926 
46.6852 -34.8372 19.4793 0.0240182 -0.168735 -0.0312812 0.984872 
46.7864 -34.828 19.4784 0.0240606 -0.169034 -0.0313365 0.984818 
46.8877 -34.8188 19.4775 0.0241031 -0.169332 -0.0313918 0.984764 
46.9889 -34.8095 19.4765 0.0241455 -0.16963 -0.0314471 0.98471 
47.0901 -34.8003 19.4756 0.024188 -0.169928 -0.0315023 0.984656 
47.1913 -34.7911 19.4747 0.0242304 -0.170226 -0.0315576 0.984601 
47.2926 -34.7819 19.4738 0.0242728 -0.170525 -0.0316129 0.984547 
47.3938 -34.7727 19.4728 0.0243153 -0.170823 -0.0316682 0.984493 
47.495 -34.7634 19.4719 0.0243577 -0.171121 -0.0317234 0.984438 
47.5962 -34.7542 19.471 0.0244002 -0.171419 -0.0317787 0.984383 
47.6975 -34.745 19.47 0.0244426 -0.171717 -0.031834 0.984328 
47.7987 -34.7358 19.4691 0.024485 -0.172015 -0.0318892 0.984274 
47.8999 -34.7266 19.4682 0.0245274 -0.172313 -0.0319445 0.984219 
48.0011 -34.7173 19.4673 0.0245699 -0.172611 -0.0319997 0.984163 
48.1024 -34.7081 19.4663 0.0246123 -0.172909 -0.032055 0.984108 
48.2036 -34.6989 19.4654 0.0246547 -0.173207 -0.0321102 0.984053 
48.3048 -34.6897 19.4645 0.0246971 -0.173505 -0.0321655 0.983998 
48.406 -34.6805 19.4635 0.0247396 -0.173803 -0.0322207 0.983942 
48.5072 -34.6712 19.4626 0.024782 -0.174101 -0.032276 0.983887 
48.6085 -34.662 19.4617 0.0248244 -0.174399 -0.0323312 0.983831 
48.7097 -34.6528 19.4607 0.0248668 -0.174697 -0.0323864 0.983775 
48.8109 -34.6436 19.4598 0.0249092 -0.174995 -0.0324417 0.983719 
48.9121 -34.6344 19.4589 0.0249516 -0.175293 -0.0324969 0.983663 
49.0134 -34.6251 19.458 0.024994 -0.175591 -0.0325521 0.983607 
49.1146 -34.6159 19.457 0.0250364 -0.175889 -0.0326073 0.983551 
49.2158 -34.6067 19.4561 0.0250788 -0.176187 -0.0326626 0.983495 
49.317 -34.5975 19.4552 0.0251212 -0.176484 -0.0327178 0.983439 
49.4183 -34.5883 19.4542 0.0251636 -0.176782 -0.032773 0.983382 
49.5195 -34.5791 19.4533 0.025206 -0.17708 -0.0328282 0.983326 
49.6207 -34.5698 19.4524 0.0252484 -0.177378 -0.0328834 0.983269 
49.7219 -34.5606 19.4514 0.0252907 -0.177676 -0.0329386 0.983212 
49.8232 -34.5514 19.4505 0.0253331 -0.177973 -0.0329938 0.983156 
49.9244 -34.5422 19.4496 0.0253755 -0.178271 -0.033049 0.983099 
50.0256 -34.533 19.4487 0.0254179 -0.178569 -0.0331042 0.983042 
50.1268 -34.5237 19.4477 0.0254603 -0.178867 -0.0331594 0.982985 
50.228 -34.5145 19.4468 0.0255026 -0.179164 -0.0332146 0.982928 
50.3293 -34.5053 19.4459 0.025545 -0.179462 -0.0332697 0.98287 
50.4305 -34.4961 19.4449 0.0255874 -0.17976 -0.0333249 0.982813 
50.5317 -34.4869 19.444 0.0256297 -0.180057 -0.0333801 0.982755 
50.6329 -34.4776 19.4431 0.0256721 -0.180355 -0.0334353 0.982698 
50.7342 -34.4684 19.4421 0.0257145 -0.180652 -0.0334904 0.98264 
50.8354 -34.4592 19.4412 0.0257568 -0.18095 -0.0335456 0.982583 
50.9366 -34.45 19.4403 0.0257992 -0.181247 -0.0336008 0.982525 
51.0378 -34.4408 19.4394 0.0258415 -0.181545 -0.0336559 0.982467 
51.1391 -34.4315 19.4384 0.0258839 -0.181843 -0.0337111 0.982409 
51.2403 -34.4223 19.4375 0.0259262 -0.18214 -0.0337662 0.982351 
51.3415 -34.4131 19.4366 0.0259686 -0.182438 -0.0338214 0.982292 
51.4427 -34.4039 19.4356 0.0260109 -0.182735 -0.0338765 0.982234 
51.544 -34.3947 19.4347 0.0260532 -0.183032 -0.0339317 0.982176 
51.6452 -34.3854 19.4338 0.0260956 -0.18333 -0.0339868 0.982117 
51.7464 -34.3762 19.4329 0.0261379 -0.183627 -0.034042 0.982059 
51.8476 -34.367 19.4319 0.0261802 -0.183925 -0.0340971 0.982 
51.9489 -34.3578 19.431 0.0262226 -0.184222 -0.0341522 0.981941 
52.0501 -34.3486 19.4301 0.0262649 -0.184519 -0.0342074 0.981882 
52.1513 -34.3393 19.4291 0.0263072 -0.184817 -0.0342625 0.981823 
52.2525 -34.3301 19.4282 0.0263496 -0.185114 -0.0343176 0.981764 
52.3537 -34.3209 19.4273 0.0263919 -0.185411 -0.0343727 0.981705 
52.455 -34.3117 19.4263 0.0264342 -0.185709 -0.0344278 0.981646 
52.5562 -34.3025 19.4254 0.0264765 -0.186006 -0.0344829 0.981586 
52.6574 -34.2933 19.4245 0.0265188 -0.186303 -0.034538 0.981527 
52.7586 -34.284 19.4236 0.0265611 -0.1866 -0.0345932 0.981467 
52.8599 -34.2748 19.4226 0.0266034 -0.186898 -0.0346483 0.981408 
52.9611 -34.2656 19.4217 0.0266457 -0.187195 -0.0347033 0.981348 
53.0623 -34.2564 19.4208 0.026688 -0.187492 -0.0347584 0.981288 
53.1635 -34.2472 19.4198 0.0267303 -0.187789 -0.0348135 0.981228 
53.2648 -34.2379 19.4189 0.0267726 -0.188086 -0.0348686 0.981168 
53.366 -34.2287 19.418 0.0268149 -0.188384 -0.0349237 0.981108 
53.4672 -34.2195 19.417 0.0268572 -0.188681 -0.0349788 0.981048 
53.5684 -34.2103 19.4161 0.0268995 -0.188978 -0.0350339 0.980987 
53.6697 -34.2011 19.4152 0.0269418 -0.189275 -0.0350889 0.980927 
53.7709 -34.1918 19.4143 0.0269841 -0.189572 -0.035144 0.980867 
53.8721 -34.1826 19.4133 0.0270264 -0.189869 -0.0351991 0.980806 
53.9733 -34.1734 19.4124 0.0270686 -0.190166 -0.0352541 0.980745 
54.0745 -34.1642 19.4115 0.0271109 -0.190463 -0.0353092 0.980685 
54.1758 -34.155 19.4105 0.0271532 -0.19076 -0.0353643 0.980624 
54.277 -34.1457 19.4096 0.0271955 -0.191057 -0.0354193 0.980563 
54.3782 -34.1365 19.4087 0.0272377 -0.191354 -0.0354744 0.980502 
54.4794 -34.1273 19.4077 0.02728 -0.191651 -0.0355294 0.98044 
54.5807 -34.1181 19.4068 0.0273223 -0.191948 -0.0355844 0.980379 
54.6819 -34.1089 19.4059 0.0273645 -0.192245 -0.0356395 0.980318 
54.7831 -34.0996 19.405 0.0274068 -0.192541 -0.0356945 0.980256 
54.8843 -34.0904 19.404 0.027449 -0.192838 -0.0357496 0.980195 
54.9856 -34.0812 19.4031 0.0274913 -0.193135 -0.0358046 0.980133 
55.0868 -34.072 19.4022 0.0275335 -0.193432 -0.0358596 0.980071 
55.188 -34.0628 19.4012 0.0275758 -0.193729 -0.0359146 0.98001 
55.2892 -34.0535 19.4003 0.027618 -0.194026 -0.0359696 0.979948 
55.3905 -34.0443 19.3994 0.0276603 -0.194322 -0.0360247 0.979886 
55.4917 -34.0351 19.3984 0.0277025 -0.194619 -0.0360797 0.979824 
55.5929 -34.0259 19.3975 0.0277447 -0.194916 -0.0361347 0.979761 
55.6941 -34.0167 19.3966 0.027787 -0.195212 -0.0361897 0.979699 
55.7953 -34.0075 19.3957 0.0278292 -0.195509 -0.0362447 0.979637 
55.8966 -33.9982 19.3947 0.0278714 -0.195806 -0.0362997 0.979574 
55.9978 -33.989 19.3938 0.0279137 -0.196102 -0.0363547 0.979512 
56.099 -33.9798 19.3929 0.0279559 -0.196399 -0.0364097 0.979449 
56.2002 -33.9706 19.3919 0.0279981 -0.196696 -0.0364647 0.979386 
56.3015 -33.9614 19.391 0.0280403 -0.196992 -0.0365196 0.979323 
56.4027 -33.9521 19.3901 0.0280825 -0.197289 -0.0365746 0.97926 
56.5039 -33.9429 19.3892 0.0281247 -0.197585 -0.0366296 0.979197 
56.6051 -33.9337 19.3882 0.0281669 -0.197882 -0.0366846 0.979134 
56.7064 -33.9245 19.3873 0.0282092 -0.198178 -0.0367395 0.979071 
56.8076 -33.9153 19.3864 0.0282514 -0.198475 -0.0367945 0.979008 
56.9088 -33.906 19.3854 0.0282936 -0.198771 -0.0368495 0.978944 
57.01 -33.8968 19.3845 0.0283358 -0.199068 -0.0369044 0.978881 
57.1113 -33.8876 19.3836 0.028378 -0.199364 -0.0369594 0.978817 
57.2125 -33.8784 19.3826 0.0284201 -0.199661 -0.0370143 0.978753 
57.3137 -33.8692 19.3817 0.0284623 -0.199957 -0.0370693 0.978689 
57.4149 -33.8599 19.3808 0.0285045 -0.200253 -0.0371242 0.978625 
57.5161 -33.8507 19.3799 0.0285467 -0.20055 -0.0371792 0.978561 
57.6174 -33.8415 19.3789 0.0285889 -0.200846 -0.0372341 0.978497 
57.7186 -33.8323 19.378 0.0286311 -0.201142 -0.037289 0.978433 
57.8198 -33.8231 19.3771 0.0286732 -0.201439 -0.037344 0.978369 
57.921 -33.8138 19.3761 0.0287154 -0.201735 -0.0373989 0.978305 
58.0223 -33.8046 19.3752 0.0287576 -0.202031 -0.0374538 0.97824 
58.1235 -33.7954 19.3743 0.0287998 -0.202328 -0.0375087 0.978175 
58.2247 -33.7862 19.3733 0.0288419 -0.202624 -0.0375637 0.978111 
58.3259 -33.777 19.3724 0.0288841 -0.20292 -0.0376186 0.978046 
58.4272 -33.7678 19.3715 0.0289262 -0.203216 -0.0376735 0.977981 
58.5284 -33.7585 19.3706 0.0289684 -0.203512 -0.0377284 0.977916 
58.6296 -33.7493 19.3696 0.0290106 -0.203808 -0.0377833 0.977851 
58.7308 -33.7401 19.3687 0.0290527 -0.204105 -0.0378382 0.977786 
58.8321 -33.7309 19.3678 0.0290949 -0.204401 -0.0378931 0.977721 
58.9333 -33.7217 19.3668 0.029137 -0.204697 -0.037948 0.977655 
59.0345 -33.7124 19.3659 0.0291791 -0.204993 -0.0380028 0.97759 
59.1357 -33.7032 19.365 0.0292213 -0.205289 -0.0380577 0.977525 
59.237 -33.694 19.364 0.0292634 -0.205585 -0.0381126 0.977459 
59.3382 -33.6848 19.3631 0.0293055 -0.205881 -0.0381675 0.977393 
59.4394 -33.6756 19.3622 0.0293477 -0.206177 -0.0382224 0.977327 
59.5406 -33.6663 19.3613 0.0293898 -0.206473 -0.0382772 0.977261 
59.6418 -33.6571 19.3603 0.0294319 -0.206769 -0.0383321 0.977196 
59.7431 -33.6479 19.3594 0.0294741 -0.207065 -0.0383869 0.977129 
59.8443 -33.6387 19.3585 0.0295162 -0.207361 -0.0384418 0.977063 
59.9455 -33.6295 19.3575 0.0295583 -0.207657 -0.0384967 0.976997 
60.0467 -33.6202 19.3566 0.0296004 -0.207952 -0.0385515 0.976931 
60.148 -33.611 19.3557 0.0296425 -0.208248 -0.0386063 0.976864 
60.2492 -33.6018 19.3548 0.0296846 -0.208544 -0.0386612 0.976798 
60.3504 -33.5926 19.3538 0.0297267 -0.20884 -0.038716 0.976731 
60.4516 -33.5834 19.3529 0.0297688 -0.209136 -0.0387709 0.976664 
60.5529 -33.5741 19.352 0.0298109 -0.209431 -0.0388257 0.976597 
60.6541 -33.5649 19.351 0.029853 -0.209727 -0.0388805 0.97653 
60.7553 -33.5557 19.3501 0.0298951 -0.210023 -0.0389353 0.976463 
60.8565 -33.5465 19.3492 0.0299372 -0.210319 -0.0389902 0.976396 
60.9578 -33.5373 19.3482 0.0299793 -0.210614 -0.039045 0.976329 
61.059 -33.528 19.3473 0.0300214 -0.21091 -0.0390998 0.976262 
61.1602 -33.5188 19.3464 0.0300635 -0.211206 -0.0391546 0.976194 
61.2614 -33.5096 19.3455 0.0301056 -0.211501 -0.0392094 0.976127 
61.3626 -33.5004 19.3445 0.0301476 -0.211797 -0.0392642 0.976059 
61.4639 -33.4912 19.3436 0.0301897 -0.212092 -0.039319 0.975991 
61.5651 -33.482 19.3427 0.0302318 -0.212388 -0.0393738 0.975924 
61.6663 -33.4727 19.3417 0.0302738 -0.212684 -0.0394286 0.975856 
61.7675 -33.4635 19.3408 0.0303159 -0.212979 -0.0394834 0.975788 
61.8688 -33.4543 19.3399 0.030358 -0.213275 -0.0395381 0.97572 
61.97 -33.4451 19.3389 0.0304 -0.21357 -0.0395929 0.975652 
62.0712 -33.4359 19.338 0.0304421 -0.213865 -0.0396477 0.975583 
62.1724 -33.4266 19.3371 0.0304841 -0.214161 -0.0397025 0.975515 
62.2737 -33.4174 19.3362 0.0305262 -0.214456 -0.0397572 0.975447 
62.3749 -33.4082 19.3352 0.0305682 -0.214752 -0.039812 0.975378 
62.4761 -33.399 19.3343 0.0306103 -0.215047 -0.0398668 0.975309 
62.5773 -33.3898 19.3334 0.0306523 -0.215342 -0.0399215 0.975241 
62.6786 -33.3805 19.3324 0.0306944 -0.215638 -0.0399763 0.975172 
62.7798 -33.3713 19.3315 -0.0307364 0.215933 0.040031 -0.975103 
62.867 -33.3306 19.3211 -0.0305618 0.220736 0.0376683 -0.974127 
62.9543 -33.2898 19.3108 -0.0303862 0.225533 0.0353045 -0.973121 
63.0416 -33.249 19.3004 -0.0302098 0.230323 0.0329397 -0.972087 
63.1289 -33.2083 19.2901 -0.0300325 0.235107 0.0305739 -0.971024 
63.2161 -33.1675 19.2797 -0.0298543 0.239883 0.0282072 -0.969933 
63.3034 -33.1268 19.2694 -0.0296752 0.244652 0.0258396 -0.968812 
63.3907 -33.086 19.259 -0.0294952 0.249414 0.0234713 -0.967663 
63.4779 -33.0452 19.2486 -0.0293144 0.254169 0.0211023 -0.966485 
63.5652 -33.0045 19.2383 -0.0291326 0.258916 0.0187326 -0.965279 
63.6525 -32.9637 19.2279 -0.0289501 0.263655 0.0163624 -0.964044 
63.7397 -32.9229 19.2176 -0.0287666 0.268387 0.0139917 -0.96278 
63.827 -32.8822 19.2072 -0.0285823 0.27311 0.0116206 -0.961488 
63.9143 -32.8414 19.1968 -0.0283972 0.277826 0.00924918 -0.960167 
64.0015 -32.8007 19.1865 -0.0282112 0.282533 0.00687746 -0.958818 
64.0888 -32.7599 19.1761 -0.0280244 0.287232 0.00450553 -0.95744 
64.1761 -32.7191 19.1658 -0.0278367 0.291923 0.00213348 -0.956034 
64.2633 -32.6784 19.1554 -0.0276483 0.296604 -0.000238643 -0.9546 
64.3506 -32.6376 19.145 -0.027459 0.301277 -0.00261076 -0.953138 
64.4379 -32.5969 19.1347 -0.0272689 0.305941 -0.00498279 -0.951647 
64.5252 -32.5561 19.1243 -0.0270779 0.310596 -0.00735468 -0.950128 
64.6124 -32.5153 19.114 -0.0268862 0.315242 -0.00972635 -0.948581 
64.6997 -32.4746 19.1036 -0.0266937 0.319878 -0.0120977 -0.947005 
64.787 -32.4338 19.0933 -0.0265004 0.324505 -0.0144688 -0.945402 
64.8742 -32.393 19.0829 -0.0263063 0.329123 -0.0168393 -0.94377 
64.9615 -32.3523 19.0725 -0.0261114 0.33373 -0.0192094 -0.942111 
65.0488 -32.3115 19.0622 -0.0259158 0.338328 -0.021579 -0.940424 
65.136 -32.2708 19.0518 -0.0257194 0.342916 -0.0239479 -0.938709 
65.2233 -32.23 19.0415 -0.0255222 0.347493 -0.026316 -0.936966 
65.3106 -32.1892 19.0311 -0.0253243 0.35206 -0.0286834 -0.935195 
65.3978 -32.1485 19.0207 -0.0251256 0.356617 -0.03105 -0.933396 
65.4851 -32.1077 19.0104 -0.0249262 0.361163 -0.0334156 -0.93157 
65.5724 -32.067 19 -0.024726 0.365699 -0.0357802 -0.929717 
65.6597 -32.0262 18.9897 -0.0245251 0.370223 -0.0381438 -0.927835 
65.7469 -31.9854 18.9793 -0.0243235 0.374737 -0.0405063 -0.925927 
65.8342 -31.9447 18.9689 -0.0241211 0.379239 -0.0428675 -0.92399 
65.9215 -31.9039 18.9586 -0.0239181 0.383731 -0.0452275 -0.922027 
66.0087 -31.8632 18.9482 -0.0237143 0.388211 -0.0475861 -0.920036 
66.096 -31.8224 18.9379 -0.0235098 0.392679 -0.0499433 -0.918017 
66.1833 -31.7816 18.9275 -0.0233046 0.397136 -0.0522991 -0.915972 
66.2705 -31.7409 18.9171 -0.0230988 0.401581 -0.0546533 -0.913899 
66.3578 -31.7001 18.9068 -0.0228922 0.406014 -0.0570058 -0.9118 
66.4451 -31.6593 18.8964 -0.022685 0.410435 -0.0593567 -0.909673 
66.5323 -31.6186 18.8861 -0.0224771 0.414844 -0.0617058 -0.907519 
66.6196 -31.5778 18.8757 -0.0222685 0.419241 -0.0640531 -0.905339 
66.7069 -31.5371 18.8654 -0.0220593 0.423625 -0.0663985 -0.903132 
66.7941 -31.4963 18.855 -0.0218494 0.427996 -0.068742 -0.900897 
66.8814 -31.4555 18.8446 -0.0216389 0.432355 -0.0710833 -0.898637 
66.9687 -31.4148 18.8343 -0.0214278 0.436702 -0.0734226 -0.896349 
67.056 -31.374 18.8239 -0.021216 0.441035 -0.0757597 -0.894035 
67.1432 -31.3333 18.8136 -0.0210035 0.445355 -0.0780946 -0.891695 
67.2305 -31.2925 18.8032 -0.0207905 0.449662 -0.0804272 -0.889328 
67.3178 -31.2517 18.7928 -0.0205768 0.453955 -0.0827573 -0.886934 
67.405 -31.211 18.7825 -0.0203625 0.458236 -0.085085 -0.884515 
67.4923 -31.1702 18.7721 -0.0201476 0.462502 -0.0874102 -0.882069 
67.5796 -31.1294 18.7618 -0.0199322 0.466755 -0.0897328 -0.879597 
67.6668 -31.0887 18.7514 -0.0197161 0.470994 -0.0920528 -0.877099 
67.7541 -31.0479 18.741 -0.0194994 0.475219 -0.09437 -0.874575 
67.8414 -31.0072 18.7307 -0.0192822 0.47943 -0.0966844 -0.872025 
67.9286 -30.9664 18.7203 -0.0190644 0.483627 -0.0989959 -0.869449 
68.0159 -30.9256 18.71 -0.018846 0.487809 -0.101305 -0.866847 
68.1032 -30.8849 18.6996 -0.0186271 0.491977 -0.10361 -0.86422 
68.1905 -30.8441 18.6892 -0.0184076 0.496131 -0.105913 -0.861567 
68.2777 -30.8034 18.6789 -0.0181876 0.500269 -0.108212 -0.858889 
68.365 -30.7626 18.6685 -0.017967 0.504393 -0.110508 -0.856185 
68.4523 -30.7218 18.6582 -0.0177459 0.508502 -0.112801 -0.853456 
68.5395 -30.6811 18.6478 -0.0175243 0.512596 -0.115091 -0.850701 
68.6268 -30.6403 18.6375 -0.0173022 0.516675 -0.117377 -0.847921 
68.7141 -30.5996 18.6271 -0.0170795 0.520738 -0.11966 -0.845116 
68.8013 -30.5588 18.6167 -0.0168564 0.524786 -0.121939 -0.842287 
68.8886 -30.518 18.6064 -0.0166327 0.528818 -0.124214 -0.839432 
68.9759 -30.4773 18.596 -0.0164086 0.532835 -0.126486 -0.836552 
69.0631 -30.4365 18.5857 -0.0161839 0.536836 -0.128754 -0.833647 
69.1504 -30.3957 18.5753 -0.0159588 0.540821 -0.131019 -0.830718 
69.2377 -30.355 18.5649 -0.0157332 0.54479 -0.133279 -0.827764 
69.3249 -30.3142 18.5546 -0.0155071 0.548743 -0.135535 -0.824786 
69.4122 -30.2735 18.5442 -0.0152806 0.552679 -0.137788 -0.821783 
69.4995 -30.2327 18.5339 -0.0150537 0.556599 -0.140036 -0.818756 
69.5205 -30.142 18.5035 -0.0156227 0.555788 -0.135218 -0.820105 
69.5415 -30.0513 18.4731 -0.0161913 0.554963 -0.130396 -0.821432 
69.5626 -29.9606 18.4427 -0.0167595 0.554123 -0.12557 -0.822739 
69.5836 -29.8699 18.4123 -0.0173273 0.553269 -0.120741 -0.824023 
69.6046 -29.7792 18.3819 -0.0178946 0.5524 -0.115909 -0.825287 
69.6256 -29.6885 18.3514 -0.0184614 0.551517 -0.111075 -0.826529 
69.6467 -29.5978 18.321 -0.0190278 0.55062 -0.106237 -0.827749 
69.6677 -29.5071 18.2906 -0.0195936 0.549708 -0.101396 -0.828948 
69.6887 -29.4164 18.2602 -0.020159 0.548782 -0.0965531 -0.830126 
69.7097 -29.3257 18.2298 -0.0207238 0.547842 -0.0917074 -0.831282 
69.7308 -29.235 18.1994 -0.0212881 0.546888 -0.0868593 -0.832416 
69.7518 -29.1443 18.169 -0.0218519 0.545919 -0.082009 -0.833528 
69.7728 -29.0536 18.1386 -0.022415 0.544936 -0.0771565 -0.834619 
69.7939 -28.9629 18.1082 -0.0229776 0.543939 -0.072302 -0.835688 
69.8149 -28.8722 18.0778 -0.0235396 0.542928 -0.0674457 -0.836736 
69.8359 -28.7815 18.0474 -0.024101 0.541902 -0.0625876 -0.837761 
69.8569 -28.6908 18.017 -0.0246617 0.540863 -0.0577278 -0.838765 
69.878 -28.6001 17.9866 -0.0252218 0.539809 -0.0528666 -0.839747 
69.899 -28.5094 17.9562 -0.0257813 0.538742 -0.048004 -0.840707 
69.92 -28.4187 17.9258 -0.0263401 0.53766 -0.0431401 -0.841645 
69.941 -28.328 17.8954 -0.0268982 0.536565 -0.0382751 -0.842562 
69.9621 -28.2373 17.865 -0.0274556 0.535455 -0.0334091 -0.843456 
69.9831 -28.1466 17.8346 -0.0280123 0.534331 -0.0285423 -0.844328 
70.0041 -28.0559 17.8042 -0.0285682 0.533194 -0.0236747 -0.845179 
70.0251 -27.9653 17.7738 -0.0291234 0.532043 -0.0188064 -0.846007 
70.0462 -27.8746 17.7434 -0.0296779 0.530878 -0.0139377 -0.846814 
70.0672 -27.7839 17.713 -0.0302316 0.529699 -0.00906866 -0.847598 
70.0882 -27.6932 17.6826 -0.0307844 0.528506 -0.00419936 -0.848361 
70.1093 -27.6025 17.6522 -0.0313365 0.5273 0.000670053 -0.849101 
70.1303 -27.5118 17.6218 -0.0318878 0.526079 0.00553945 -0.849819 
70.1513 -27.4211 17.5914 -0.0324383 0.524845 0.0104087 -0.850516 
70.1723 -27.3304 17.561 -0.0329879 0.523598 0.0152777 -0.85119 
70.1934 -27.2397 17.5306 -0.0335366 0.522337 0.0201463 -0.851841 
70.2144 -27.149 17.5002 -0.0340845 0.521062 0.0250143 -0.852471 
70.2354 -27.0583 17.4698 -0.0346315 0.519774 0.0298817 -0.853079 
70.2564 -26.9676 17.4394 -0.0351776 0.518472 0.0347484 -0.853664 
70.2775 -26.8769 17.409 -0.0357227 0.517157 0.0396141 -0.854227 
70.2985 -26.7862 17.3786 -0.036267 0.515828 0.0444788 -0.854768 
70.3195 -26.6955 17.3482 -0.0368103 0.514486 0.0493423 -0.855286 
70.3405 -26.6048 17.3178 -0.0373526 0.51313 0.0542046 -0.855783 
70.3616 -26.5141 17.2874 -0.037894 0.511761 0.0590654 -0.856257 
70.3826 -26.4234 17.257 -0.0384343 0.510379 0.0639247 -0.856709 
70.4036 -26.3327 17.2266 -0.0389737 0.508983 0.0687824 -0.857138 
70.4246 -26.242 17.1962 -0.0395121 0.507575 0.0736382 -0.857546 
70.4457 -26.1513 17.1658 -0.0400494 0.506153 0.0784922 -0.85793 
70.4667 -26.0606 17.1354 -0.0405857 0.504717 0.0833441 -0.858293 
70.4877 -25.9699 17.105 -0.041121 0.503269 0.0881938 -0.858633 
70.5088 -25.8792 17.0746 -0.0416551 0.501808 0.0930412 -0.858951 
70.5298 -25.7885 17.0442 -0.0421882 0.500333 0.0978862 -0.859247 
70.4647 -25.7159 17.0297 -0.0419788 0.497411 0.097603 -0.860984 
70.3997 -25.6434 17.0153 -0.0417689 0.494484 0.0973187 -0.862711 
70.3347 -25.5708 17.0008 -0.0415584 0.49155 0.0970332 -0.864428 
70.2696 -25.4983 16.9864 -0.0413476 0.488611 0.0967465 -0.866135 
70.2046 -25.4257 16.9719 -0.0411362 0.485666 0.0964588 -0.867832 
70.1396 -25.3532 16.9575 -0.0409243 0.482716 0.0961699 -0.869518 
70.0745 -25.2806 16.943 -0.040712 0.479759 0.0958799 -0.871195 
70.0095 -25.2081 16.9286 -0.0404992 0.476798 0.0955888 -0.872861 
69.9445 -25.1355 16.9142 -0.0402859 0.47383 0.0952965 -0.874517 
69.8794 -25.063 16.8997 -0.0400721 0.470857 0.0950032 -0.876163 
69.8144 -24.9904 16.8853 -0.0398579 0.467879 0.0947087 -0.877799 
69.7493 -24.9178 16.8708 -0.0396432 0.464895 0.0944131 -0.879424 
69.6843 -24.8453 16.8564 -0.039428 0.461906 0.0941165 -0.881039 
69.6193 -24.7727 16.8419 -0.0392124 0.458911 0.0938187 -0.882644 
69.5542 -24.7002 16.8275 -0.0389963 0.455911 0.0935198 -0.884239 
69.4892 -24.6276 16.813 -0.0387798 0.452906 0.0932199 -0.885823 
69.4242 -24.5551 16.7986 -0.0385628 0.449895 0.0929188 -0.887397 
69.3591 -24.4825 16.7842 -0.0383454 0.446879 0.0926167 -0.888961 
69.2941 -24.41 16.7697 -0.0381275 0.443858 0.0923135 -0.890514 
69.2291 -24.3374 16.7553 -0.0379092 0.440832 0.0920092 -0.892056 
69.164 -24.2648 16.7408 -0.0376904 0.4378 0.0917038 -0.893589 
69.099 -24.1923 16.7264 -0.0374712 0.434764 0.0913974 -0.895111 
69.0339 -24.1197 16.7119 -0.0372516 0.431722 0.0910899 -0.896622 
68.9689 -24.0472 16.6975 -0.0370315 0.428675 0.0907813 -0.898123 
68.9039 -23.9746 16.683 -0.036811 0.425623 0.0904717 -0.899614 
68.8388 -23.9021 16.6686 -0.03659 0.422567 0.090161 -0.901093 
68.7738 -23.8295 16.6542 -0.0363686 0.419505 0.0898492 -0.902563 
68.7088 -23.757 16.6397 -0.0361469 0.416439 0.0895364 -0.904022 
68.6437 -23.6844 16.6253 -0.0359246 0.413367 0.0892226 -0.90547 
68.5787 -23.6119 16.6108 -0.035702 0.410291 0.0889077 -0.906908 
68.5137 -23.5393 16.5964 -0.0354789 0.40721 0.0885918 -0.908335 
68.4486 -23.4667 16.5819 -0.0352555 0.404124 0.0882749 -0.909752 
68.3836 -23.3942 16.5675 -0.0350316 0.401034 0.0879569 -0.911158 
68.3185 -23.3216 16.553 -0.0348073 0.397939 0.0876379 -0.912553 
68.2535 -23.2491 16.5386 -0.0345826 0.394839 0.0873178 -0.913938 
68.1885 -23.1765 16.5242 -0.0343575 0.391734 0.0869968 -0.915312 
68.1234 -23.104 16.5097 -0.034132 0.388625 0.0866747 -0.916675 
68.0584 -23.0314 16.4953 -0.0339061 0.385512 0.0863516 -0.918027 
67.9934 -22.9589 16.4808 -0.0336798 0.382394 0.0860275 -0.919369 
67.9283 -22.8863 16.4664 -0.0334531 0.379271 0.0857024 -0.9207 
67.8633 -22.8137 16.4519 -0.033226 0.376144 0.0853764 -0.922021 
67.7982 -22.7412 16.4375 -0.0329986 0.373013 0.0850493 -0.92333 
67.7332 -22.6686 16.423 -0.0327707 0.369877 0.0847212 -0.924629 
67.6682 -22.5961 16.4086 -0.0325425 0.366737 0.0843921 -0.925917 
67.6031 -22.5235 16.3941 -0.0323139 0.363593 0.084062 -0.927194 
67.5381 -22.451 16.3797 -0.0320849 0.360445 0.083731 -0.928461 
67.4731 -22.3784 16.3653 -0.0318555 0.357292 0.083399 -0.929716 
67.408 -22.3059 16.3508 -0.0316258 0.354135 0.083066 -0.930961 
67.343 -22.2333 16.3364 -0.0313956 0.350974 0.082732 -0.932195 
67.278 -22.1608 16.3219 -0.0311652 0.347809 0.0823971 -0.933418 
67.2129 -22.0882 16.3075 -0.0309343 0.34464 0.0820612 -0.93463 
67.1479 -22.0156 16.293 -0.0307031 0.341466 0.0817243 -0.935831 
67.0828 -21.9431 16.2786 -0.0304716 0.338289 0.0813865 -0.937021 
67.0178 -21.8705 16.2641 -0.0302397 0.335108 0.0810478 -0.9382 
66.9528 -21.798 16.2497 -0.0300074 0.331923 0.0807081 -0.939368 
66.8877 -21.7254 16.2353 -0.0297748 0.328734 0.0803674 -0.940526 
66.8175 -21.6568 16.2227 -0.029483 0.325513 0.07958 -0.941721 
66.7472 -21.5882 16.21 -0.0291909 0.322288 0.0787915 -0.942905 
66.6769 -21.5195 16.1974 -0.0288984 0.319059 0.0780021 -0.944077 
66.6066 -21.4509 16.1848 -0.0286056 0.315825 0.0772116 -0.945238 
66.5363 -21.3823 16.1722 -0.0283124 0.312588 0.0764202 -0.946386 
66.466 -21.3137 16.1596 -0.0280188 0.309347 0.0756279 -0.947523 
66.3958 -21.245 16.147 -0.0277249 0.306102 0.0748346 -0.948648 
66.3255 -21.1764 16.1344 -0.0274307 0.302854 0.0740404 -0.949761 
66.2552 -21.1078 16.1218 -0.0271361 0.299601 0.0732452 -0.950862 
66.1849 -21.0392 16.1092 -0.0268412 0.296345 0.0724491 -0.951951 
66.1146 -20.9705 16.0966 -0.0265459 0.293085 0.0716522 -0.953028 
66.0443 -20.9019 16.084 -0.0262503 0.289821 0.0708543 -0.954093 
65.9741 -20.8333 16.0714 -0.0259544 0.286554 0.0700555 -0.955147 
65.9038 -20.7646 16.0588 -0.0256581 0.283283 0.0692559 -0.956188 
65.8335 -20.696 16.0462 -0.0253616 0.280009 0.0684554 -0.957218 
65.7632 -20.6274 16.0336 -0.0250647 0.276731 0.067654 -0.958235 
65.6929 -20.5588 16.021 -0.0247675 0.27345 0.0668518 -0.959241 
65.6226 -20.4901 16.0084 -0.0244699 0.270165 0.0660488 -0.960234 
65.5524 -20.4215 15.9958 -0.0241721 0.266877 0.0652449 -0.961216 
65.4821 -20.3529 15.9832 -0.023874 0.263585 0.0644402 -0.962185 
65.4118 -20.2843 15.9706 -0.0235756 0.260291 0.0636347 -0.963143 
65.3415 -20.2156 15.958 -0.0232769 0.256993 0.0628285 -0.964088 
65.2712 -20.147 15.9454 -0.0229779 0.253691 0.0620214 -0.965021 
65.2009 -20.0784 15.9327 -0.0226786 0.250387 0.0612135 -0.965943 
65.1307 -20.0098 15.9201 -0.022379 0.247079 0.0604049 -0.966852 
65.0604 -19.9411 15.9075 -0.0220791 0.243769 0.0595955 -0.967749 
64.9901 -19.8725 15.8949 -0.021779 0.240455 0.0587854 -0.968634 
64.9198 -19.8039 15.8823 -0.0214786 0.237138 0.0579746 -0.969507 
64.8495 -19.7352 15.8697 -0.0211779 0.233819 0.057163 -0.970367 
64.7792 -19.6666 15.8571 -0.020877 0.230496 0.0563507 -0.971216 
64.709 -19.598 15.8445 -0.0205758 0.227171 0.0555377 -0.972052 
64.6387 -19.5294 15.8319 -0.0202743 0.223842 0.054724 -0.972877 
64.5684 -19.4607 15.8193 -0.0199726 0.220511 0.0539096 -0.973689 
64.4981 -19.3921 15.8067 -0.0196706 0.217177 0.0530946 -0.974489 
64.4278 -19.3235 15.7941 -0.0193684 0.213841 0.0522789 -0.975276 
64.3575 -19.2549 15.7815 -0.019066 0.210502 0.0514625 -0.976052 
64.2873 -19.1862 15.7689 -0.0187633 0.20716 0.0506455 -0.976815 
64.217 -19.1176 15.7563 -0.0184604 0.203815 0.0498279 -0.977566 
64.1467 -19.049 15.7437 -0.0181572 0.200468 0.0490096 -0.978305 
64.0764 -18.9804 15.7311 -0.0178538 0.197119 0.0481907 -0.979032 
64.0061 -18.9117 15.7185 -0.0175502 0.193767 0.0473712 -0.979746 
63.9359 -18.8431 15.7059 -0.0172464 0.190412 0.0465511 -0.980448 
63.8656 -18.7745 15.6933 -0.0169424 0.187055 0.0457305 -0.981138 
63.7953 -18.7058 15.6807 -0.0166381 0.183696 0.0449092 -0.981816 
63.725 -18.6372 15.668 -0.0163336 0.180335 0.0440874 -0.982481 
63.6547 -18.5686 15.6554 -0.016029 0.176971 0.0432651 -0.983134 
63.5844 -18.5 15.6428 -0.0157241 0.173605 0.0424422 -0.983775 
63.5142 -18.4313 15.6302 -0.0154191 0.170237 0.0416188 -0.984403 
63.4439 -18.3627 15.6176 -0.0151138 0.166867 0.0407949 -0.985019 
63.3736 -18.2941 15.605 -0.0148084 0.163494 0.0399704 -0.985623 
63.3033 -18.2255 15.5924 -0.0145027 0.16012 0.0391455 -0.986214 
63.233 -18.1568 15.5798 -0.0141969 0.156744 0.03832 -0.986794 
63.1627 -18.0882 15.5672 -0.0138909 0.153365 0.0374941 -0.98736 
63.0925 -18.0196 15.5546 -0.0135848 0.149985 0.0366677 -0.987915 
63.0222 -17.951 15.542 -0.0132784 0.146603 0.0358409 -0.988457 
62.9519 -17.8823 15.5294 -0.0129719 0.143219 0.0350136 -0.988986 
62.8816 -17.8137 15.5168 -0.0126653 0.139833 0.0341858 -0.989504 
62.8113 -17.7451 15.5042 -0.0123585 0.136446 0.0333577 -0.990009 
62.741 -17.6764 15.4916 -0.0120515 0.133057 0.0325291 -0.990501 
62.6708 -17.6078 15.479 -0.0117444 0.129666 0.0317001 -0.990981 
62.6005 -17.5392 15.4664 -0.0114371 0.126273 0.0308707 -0.991449 
62.5302 -17.4706 15.4538 -0.0111297 0.122879 0.030041 -0.991904 
62.4599 -17.4019 15.4412 -0.0108221 0.119484 0.0292108 -0.992347 
62.3896 -17.3333 15.4286 -0.0105144 0.116086 0.0283803 -0.992778 
62.3193 -17.2647 15.416 -0.0102066 0.112688 0.0275495 -0.993196 
62.2491 -17.1961 15.4033 -0.00989865 0.109288 0.0267182 -0.993602 
62.1788 -17.1274 15.3907 -0.00959058 0.105887 0.0258867 -0.993995 
62.1085 -17.0588 15.3781 -0.00928239 0.102484 0.0250548 -0.994376 
62.0382 -16.9902 15.3655 -0.00897408 0.09908 0.0242227 -0.994744 
61.9679 -16.9215 15.3529 -0.00866566 0.0956749 0.0233902 -0.9951 
61.8976 -16.8529 15.3403 -0.00835713 0.0922685 0.0225574 -0.995444 
61.8274 -16.7843 15.3277 -0.0080485 0.088861 0.0217243 -0.995775 
61.7571 -16.7157 15.3151 -0.00773976 0.0854523 0.020891 -0.996093 
61.6868 -16.647 15.3025 -0.00743093 0.0820426 0.0200574 -0.996399 
61.6165 -16.5784 15.2899 -0.00712201 0.0786319 0.0192236 -0.996693 
61.5462 -16.5098 15.2773 -0.006813 0.0752202 0.0183895 -0.996974 
61.4759 -16.4412 15.2647 -0.0065039 0.0718075 0.0175552 -0.997243 
61.4057 -16.3725 15.2521 -0.00619472 0.068394 0.0167207 -0.997499 
61.3354 -16.3039 15.2395 -0.00588546 0.0649795 0.0158859 -0.997743 
61.2651 -16.2353 15.2269 -0.00557613 0.0615643 0.015051 -0.997974 
61.1948 -16.1667 15.2143 -0.00526673 0.0581483 0.0142159 -0.998193 
61.1245 -16.098 15.2017 -0.00495726 0.0547316 0.0133805 -0.998399 
61.0542 -16.0294 15.1891 -0.00464773 0.0513142 0.0125451 -0.998593 
60.984 -15.9608 15.1765 -0.00433815 0.0478961 0.0117094 -0.998774 
60.9137 -15.8921 15.1639 -0.00402851 0.0444775 0.0108737 -0.998943 
60.8434 -15.8235 15.1513 -0.00371882 0.0410583 0.0100378 -0.999099 
60.7731 -15.7549 15.1387 -0.00340908 0.0376386 0.00920171 -0.999243 
60.7028 -15.6863 15.126 -0.0030993 0.0342184 0.00836556 -0.999375 
60.6325 -15.6176 15.1134 -0.00278948 0.0307978 0.0075293 -0.999493 
60.5623 -15.549 15.1008 -0.00247962 0.0273768 0.00669295 -0.9996 
60.492 -15.4804 15.0882 -0.00216974 0.0239554 0.00585652 -0.999694 
60.4217 -15.4118 15.0756 -0.00185983 0.0205338 0.00502001 -0.999775 
60.3514 -15.3431 15.063 -0.00154989 0.0171119 0.00418344 -0.999844 
60.2811 -15.2745 15.0504 -0.00123994 0.0136897 0.00334681 -0.9999 
60.2108 -15.2059 15.0378 -0.000929966 0.0102675 0.00251014 -0.999944 
60.1406 -15.1373 15.0252 -0.000619984 0.00684505 0.00167345 -0.999975 
60.0703 -15.0686 15.0126 -0.000309994 0.00342254 0.000836729 -0.999994 
60 -15 15 0 0 0 1 

