0.000 0.000 0.000 1.000 0.000 0.000 0.000 0.000 -0.000 0.011 0.000 0.000 0.000 1.000 0.000 0.000 0.000 0.004 0.004 0.000 1.571 1.571 0.000 0.000 24.271 0.001 0.001 0.000 0.010
0.000 -0.000 0.000 1.000 0.000 0.000 0.000 0.000 -0.000 0.022 0.000 0.000 0.000 1.000 0.000 0.000 0.000 0.008 0.008 0.000 1.571 1.571 0.000 0.000 24.271 0.001 0.001 0.000 0.010
0.000 -0.000 0.000 1.000 0.000 0.000 0.000 0.000 -0.000 0.033 0.000 0.000 0.000 1.000 0.000 0.000 0.000 0.011 0.011 0.000 1.571 1.571 -0.000 -0.000 24.271 0.001 0.001 0.000 0.010
0.000 -0.000 0.001 1.000 0.000 0.000 0.000 0.000 -0.000 0.044 0.000 0.000 0.000 1.000 0.000 0.000 0.000 0.015 0.015 0.000 1.571 1.571 -0.000 -0.000 24.271 0.001 0.001 0.000 0.010
0.000 -0.000 0.001 1.000 0.000 0.000 0.000 0.000 -0.000 0.055 0.000 0.000 -0.000 1.000 0.000 0.000 0.000 0.018 0.018 0.000 1.571 1.571 -0.000 -0.000 24.271 0.001 0.001 0.000 0.010
0.000 -0.000 0.002 1.000 0.000 0.000 0.000 0.000 -0.000 0.066 0.000 0.000 -0.000 1.000 0.000 0.000 0.000 0.022 0.022 0.000 1.571 1.571 -0.000 -0.000 24.271 0.001 0.001 0.000 0.010
0.000 -0.000 0.002 1.000 0.000 0.000 0.000 0.000 -0.000 0.077 0.000 0.000 -0.000 1.000 0.000 0.000 0.000 0.025 0.025 0.000 1.571 1.571 -0.001 -0.001 24.271 0.001 0.001 0.000 0.010
0.000 -0.000 0.003 1.000 0.000 0.000 0.000 0.000 -0.000 0.088 0.000 0.000 -0.000 1.000 0.001 0.001 0.000 0.028 0.028 0.000 1.571 1.571 -0.001 -0.001 24.271 0.001 0.001 0.000 0.010
0.000 -0.000 0.004 1.000 0.000 0.000 0.000 0.000 -0.000 0.099 0.000 0.000 -0.000 1.000 0.001 0.001 0.000 0.031 0.031 0.000 1.571 1.571 -0.002 -0.002 24.271 0.001 0.001 0.000 0.010
0.000 -0.000 0.005 1.000 0.000 0.000 0.000 0.000 -0.000 0.110 0.000 0.000 -0.000 1.000 0.001 0.001 0.000 0.033 0.033 0.000 1.571 1.571 -0.002 -0.002 24.271 0.001 0.001 0.000 0.010
0.000 -0.000 0.006 1.000 0.000 0.000 0.000 0.000 -0.000 0.121 0.000 0.000 -0.000 1.000 0.001 0.001 0.000 0.036 0.036 0.000 1.571 1.571 -0.003 -0.003 24.271 0.001 0.001 0.000 0.010
0.000 -0.000 0.007 1.000 0.000 0.000 0.000 0.000 -0.000 0.132 0.000 0.000 -0.000 1.000 0.001 0.001 0.000 0.039 0.039 0.000 1.571 1.571 -0.004 -0.004 24.271 0.001 0.001 0.000 0.010
0.000 -0.000 0.009 1.000 0.000 0.000 0.000 0.000 -0.000 0.143 0.000 0.000 -0.000 1.000 0.001 0.001 0.000 0.041 0.041 0.000 1.571 1.571 -0.005 -0.005 24.271 0.001 0.001 0.000 0.010
0.000 -0.000 0.010 1.000 0.000 0.000 0.000 0.000 -0.000 0.154 0.000 0.000 -0.000 1.000 0.002 0.002 0.000 0.043 0.043 0.000 1.571 1.571 -0.006 -0.006 24.271 0.001 0.001 0.000 0.010
0.000 -0.000 0.012 1.000 0.000 0.000 0.000 0.000 -0.000 0.165 0.000 0.000 -0.000 1.000 0.002 0.002 0.000 0.046 0.046 0.000 1.571 1.571 -0.008 -0.008 24.271 0.001 0.001 0.000 0.010
0.000 -0.000 0.013 1.000 0.000 0.000 0.000 0.000 -0.000 0.176 0.000 0.000 -0.000 1.000 0.002 0.002 0.000 0.048 0.048 0.000 1.570 1.570 -0.009 -0.009 24.271 0.001 0.001 0.000 0.010
0.000 -0.000 0.015 1.000 0.000 0.000 0.000 0.000 -0.000 0.187 0.000 0.000 -0.000 1.000 0.002 0.002 0.000 0.050 0.050 0.000 1.570 1.570 -0.011 -0.011 24.271 0.001 0.001 0.000 0.010
0.000 -0.000 0.017 1.000 0.000 0.000 0.000 0.000 -0.000 0.198 0.000 0.000 -0.000 1.000 0.002 0.002 0.000 0.052 0.052 0.000 1.570 1.570 -0.013 -0.013 24.271 0.001 0.001 0.000 0.010
0.000 -0.000 0.019 1.000 0.000 0.000 0.000 0.000 -0.000 0.209 0.000 0.000 -0.000 1.000 0.003 0.003 0.000 0.054 0.054 0.000 1.570 1.570 -0.015 -0.015 24.271 0.001 0.001 0.000 0.010
0.000 -0.000 0.021 1.000 0.000 0.000 0.000 0.000 -0.000 0.220 0.000 0.000 -0.000 1.000 0.003 0.003 0.000 0.056 0.056 0.000 1.570 1.570 -0.018 -0.018 24.271 0.001 0.001 0.000 0.010
0.000 -0.000 0.023 1.000 0.000 0.000 0.000 0.000 -0.000 0.231 0.000 0.000 -0.000 1.000 0.003 0.003 0.000 0.057 0.057 0.000 1.570 1.570 -0.020 -0.020 24.271 0.001 0.001 0.000 0.010
0.000 -0.000 0.025 1.000 0.000 0.000 0.000 0.000 -0.000 0.241 0.001 0.001 -0.000 1.000 0.004 0.004 0.000 0.059 0.059 0.000 1.570 1.570 -0.023 -0.023 24.271 0.001 0.001 0.000 0.010
0.000 -0.000 0.028 1.000 0.000 0.000 0.000 0.001 -0.001 0.252 0.001 0.001 -0.000 1.000 0.004 0.004 0.000 0.061 0.061 0.000 1.569 1.569 -0.026 -0.026 24.271 0.001 0.001 0.000 0.010
0.000 -0.000 0.030 1.000 0.000 0.000 0.000 0.001 -0.001 0.263 0.001 0.001 -0.000 1.000 0.004 0.004 0.000 0.062 0.062 0.000 1.569 1.569 -0.029 -0.029 24.271 0.001 0.001 0.000 0.010
0.000 -0.000 0.033 1.000 0.000 0.000 0.000 0.001 -0.001 0.274 0.001 0.001 -0.000 1.000 0.004 0.004 0.000 0.064 0.064 0.000 1.569 1.569 -0.032 -0.032 24.271 0.001 0.001 0.000 0.010
0.000 -0.000 0.036 1.000 0.000 0.000 0.000 0.001 -0.001 0.285 0.001 0.001 -0.000 1.000 0.005 0.005 0.000 0.065 0.065 0.000 1.569 1.569 -0.036 -0.036 24.271 0.001 0.001 0.000 0.010
0.000 -0.000 0.039 1.000 0.000 0.000 -0.000 0.001 -0.001 0.296 0.002 0.002 -0.000 1.000 0.005 0.005 0.000 0.067 0.067 0.000 1.568 1.568 -0.040 -0.040 24.271 0.001 0.001 0.000 0.010
0.000 -0.000 0.042 1.000 0.000 0.000 -0.000 0.002 -0.002 0.307 0.002 0.002 -0.000 1.000 0.005 0.005 0.000 0.068 0.068 0.000 1.568 1.568 -0.043 -0.043 24.271 0.001 0.001 0.000 0.010
0.000 -0.000 0.045 1.000 0.000 0.000 -0.000 0.002 -0.002 0.318 0.002 0.002 -0.000 1.000 0.006 0.006 0.000 0.069 0.069 0.000 1.567 1.567 -0.047 -0.047 24.271 0.001 0.001 0.000 0.010
0.000 -0.000 0.048 1.000 0.000 0.000 -0.000 0.002 -0.002 0.329 0.003 0.003 -0.000 1.000 0.006 0.006 0.000 0.070 0.070 0.000 1.567 1.567 -0.052 -0.052 24.271 0.001 0.001 0.000 0.010
0.000 -0.000 0.051 1.000 0.000 0.000 -0.000 0.003 -0.003 0.339 0.003 0.003 -0.000 1.000 0.007 0.007 0.000 0.072 0.072 0.000 1.566 1.566 -0.056 -0.056 24.271 0.001 0.001 0.000 0.010
0.000 -0.000 0.054 1.000 0.000 0.000 -0.000 0.003 -0.003 0.350 0.004 0.004 -0.000 1.000 0.007 0.007 0.000 0.073 0.073 0.000 1.566 1.566 -0.060 -0.060 24.271 0.001 0.001 0.000 0.010
0.000 -0.000 0.058 1.000 0.000 0.000 -0.000 0.004 -0.004 0.361 0.005 0.005 -0.000 1.000 0.007 0.007 0.000 0.074 0.074 0.000 1.565 1.565 -0.065 -0.065 24.271 0.001 0.001 0.000 0.010
0.000 -0.000 0.062 1.000 0.000 0.000 -0.000 0.004 -0.004 0.372 0.005 0.005 -0.000 1.000 0.008 0.008 0.000 0.075 0.075 0.000 1.565 1.565 -0.069 -0.069 24.271 0.001 0.001 0.000 0.010
0.000 -0.000 0.065 1.000 0.000 0.000 -0.000 0.005 -0.005 0.383 0.006 0.006 -0.000 1.000 0.008 0.008 0.000 0.076 0.076 0.000 1.564 1.564 -0.074 -0.074 24.271 0.001 0.001 0.000 0.010
0.000 -0.000 0.069 1.000 0.000 0.000 -0.000 0.006 -0.006 0.394 0.007 0.007 -0.000 1.000 0.008 0.008 0.000 0.077 0.077 0.000 1.563 1.563 -0.079 -0.079 24.271 0.001 0.001 0.000 0.010
0.000 -0.000 0.073 1.000 0.000 0.000 -0.000 0.007 -0.007 0.404 0.008 0.008 -0.000 1.000 0.009 0.009 0.000 0.078 0.078 0.000 1.562 1.562 -0.083 -0.083 24.271 0.001 0.001 0.000 0.010
0.000 -0.000 0.077 1.000 0.000 0.000 -0.000 0.008 -0.008 0.415 0.009 0.009 -0.000 1.000 0.009 0.009 0.000 0.079 0.079 0.000 1.561 1.561 -0.088 -0.088 24.271 0.001 0.001 0.000 0.010
0.001 -0.001 0.081 1.000 0.000 0.000 -0.000 0.009 -0.009 0.426 0.010 0.010 -0.000 1.000 0.010 0.010 0.000 0.080 0.080 0.000 1.561 1.561 -0.093 -0.093 24.271 0.001 0.001 0.000 0.010
0.001 -0.001 0.085 1.000 0.000 0.000 -0.000 0.010 -0.010 0.437 0.011 0.011 -0.000 1.000 0.010 0.010 0.000 0.080 0.080 0.000 1.560 1.560 -0.098 -0.098 24.271 0.001 0.001 0.000 0.010
0.001 -0.001 0.090 1.000 0.000 0.000 -0.000 0.011 -0.011 0.448 0.013 0.013 -0.000 1.000 0.010 0.010 0.000 0.081 0.081 0.000 1.559 1.559 -0.102 -0.103 24.271 0.001 0.001 0.000 0.010
0.001 -0.001 0.094 1.000 0.000 0.000 -0.000 0.012 -0.012 0.458 0.014 0.014 -0.000 1.000 0.011 0.011 0.000 0.082 0.082 0.000 1.558 1.558 -0.107 -0.107 24.271 0.001 0.001 0.000 0.010
0.001 -0.001 0.099 1.000 0.001 0.001 -0.000 0.014 -0.014 0.469 0.016 0.016 -0.000 1.000 0.011 0.011 0.000 0.083 0.083 0.000 1.557 1.557 -0.112 -0.112 24.271 0.001 0.001 0.000 0.010
0.001 -0.001 0.104 1.000 0.001 0.001 -0.000 0.015 -0.015 0.480 0.017 0.017 -0.000 1.000 0.012 0.012 0.000 0.083 0.083 0.000 1.555 1.555 -0.117 -0.117 24.271 0.001 0.001 0.000 0.010
0.001 -0.001 0.108 1.000 0.001 0.001 -0.000 0.017 -0.017 0.491 0.019 0.019 -0.000 1.000 0.012 0.012 0.000 0.084 0.084 0.000 1.554 1.554 -0.121 -0.121 24.271 0.001 0.001 0.000 0.010
0.001 -0.001 0.113 1.000 0.001 0.001 -0.000 0.019 -0.019 0.501 0.021 0.021 -0.000 1.000 0.012 0.012 0.000 0.085 0.085 0.000 1.553 1.553 -0.125 -0.126 24.271 0.001 0.001 0.000 0.010
0.002 -0.002 0.118 1.000 0.001 0.001 -0.000 0.021 -0.021 0.512 0.023 0.023 -0.000 1.000 0.013 0.013 0.000 0.085 0.085 0.000 1.552 1.552 -0.130 -0.130 24.271 0.001 0.001 0.000 0.010
0.002 -0.002 0.123 1.000 0.001 0.001 -0.000 0.023 -0.023 0.523 0.026 0.026 -0.000 1.000 0.013 0.013 0.000 0.086 0.086 0.000 1.551 1.551 -0.134 -0.134 24.271 0.001 0.001 0.000 0.010
0.002 -0.002 0.129 1.000 0.001 0.001 -0.000 0.025 -0.025 0.534 0.028 0.028 -0.000 1.000 0.014 0.014 0.000 0.086 0.086 0.000 1.549 1.549 -0.138 -0.138 24.271 0.001 0.001 0.000 0.010
0.002 -0.002 0.134 1.000 0.001 0.001 -0.000 0.027 -0.027 0.544 0.031 0.031 -0.000 1.000 0.014 0.014 0.000 0.087 0.087 0.000 1.548 1.548 -0.142 -0.142 24.271 0.001 0.001 0.000 0.010
0.003 -0.003 0.139 1.000 0.001 0.001 -0.000 0.030 -0.030 0.555 0.033 0.033 -0.000 1.000 0.015 0.015 0.000 0.087 0.087 0.000 1.546 1.546 -0.145 -0.146 24.271 0.001 0.001 0.000 0.010
0.003 -0.003 0.145 1.000 0.002 0.002 -0.000 0.032 -0.032 0.566 0.036 0.036 -0.000 1.000 0.015 0.015 0.000 0.088 0.088 0.000 1.545 1.545 -0.149 -0.149 24.271 0.001 0.001 0.000 0.010
0.003 -0.003 0.151 1.000 0.002 0.002 -0.000 0.035 -0.035 0.576 0.039 0.039 -0.000 1.000 0.015 0.015 0.000 0.088 0.088 0.000 1.543 1.543 -0.152 -0.152 24.271 0.001 0.001 0.000 0.010
0.004 -0.004 0.156 1.000 0.002 0.002 -0.000 0.038 -0.038 0.587 0.042 0.042 -0.000 1.000 0.016 0.016 0.000 0.089 0.089 0.000 1.542 1.542 -0.155 -0.155 24.271 0.001 0.001 0.000 0.010
0.004 -0.004 0.162 1.000 0.002 0.002 -0.000 0.041 -0.041 0.598 0.045 0.045 -0.000 1.000 0.016 0.016 0.000 0.089 0.089 0.000 1.540 1.540 -0.158 -0.158 24.271 0.001 0.001 0.000 0.010
0.004 -0.004 0.168 1.000 0.002 0.002 -0.000 0.045 -0.045 0.608 0.049 0.049 -0.000 1.000 0.017 0.017 0.000 0.090 0.090 0.000 1.539 1.539 -0.161 -0.161 24.271 0.001 0.001 0.000 0.010
0.005 -0.005 0.174 1.000 0.003 0.003 -0.000 0.048 -0.048 0.619 0.052 0.052 -0.000 1.000 0.017 0.017 0.000 0.090 0.090 0.000 1.537 1.537 -0.163 -0.163 24.271 0.001 0.001 0.000 0.010
0.005 -0.005 0.181 1.000 0.003 0.003 -0.000 0.052 -0.052 0.630 0.056 0.056 -0.000 1.000 0.018 0.018 0.000 0.091 0.091 0.000 1.536 1.536 -0.165 -0.165 24.271 0.001 0.001 0.000 0.010
0.006 -0.006 0.187 1.000 0.003 0.003 -0.000 0.056 -0.056 0.640 0.060 0.060 -0.000 1.000 0.018 0.018 0.000 0.091 0.091 0.000 1.534 1.534 -0.167 -0.167 24.271 0.001 0.001 0.000 0.010
0.006 -0.006 0.193 1.000 0.004 0.004 -0.000 0.059 -0.059 0.651 0.064 0.064 -0.000 1.000 0.019 0.019 0.000 0.091 0.091 0.000 1.532 1.532 -0.168 -0.168 24.271 0.001 0.001 0.000 0.010
0.007 -0.007 0.200 1.000 0.004 0.004 -0.000 0.064 -0.064 0.661 0.068 0.068 -0.000 1.000 0.019 0.019 0.000 0.092 0.092 0.000 1.531 1.531 -0.169 -0.170 24.271 0.001 0.001 0.000 0.010
0.008 -0.008 0.206 1.000 0.004 0.004 -0.000 0.068 -0.068 0.672 0.072 0.072 -0.000 1.000 0.019 0.019 0.000 0.092 0.092 0.000 1.529 1.529 -0.170 -0.171 24.271 0.001 0.001 0.000 0.010
0.008 -0.008 0.213 1.000 0.005 0.005 -0.000 0.073 -0.073 0.682 0.077 0.077 -0.000 1.000 0.020 0.020 0.000 0.092 0.092 0.000 1.527 1.527 -0.171 -0.171 24.271 0.001 0.001 0.000 0.010
0.009 -0.009 0.220 1.000 0.005 0.005 -0.000 0.077 -0.077 0.693 0.081 0.081 -0.000 1.000 0.020 0.020 0.000 0.093 0.093 0.000 1.525 1.525 -0.171 -0.172 24.271 0.001 0.001 0.000 0.010
0.010 -0.010 0.227 1.000 0.005 0.005 -0.000 0.082 -0.082 0.703 0.086 0.086 -0.000 1.000 0.021 0.021 0.000 0.093 0.093 0.000 1.524 1.524 -0.171 -0.172 24.271 0.001 0.001 0.000 0.010
0.011 -0.011 0.234 1.000 0.006 0.006 -0.000 0.087 -0.087 0.714 0.090 0.090 -0.000 1.000 0.021 0.021 0.000 0.093 0.093 0.000 1.522 1.522 -0.171 -0.171 24.271 0.001 0.001 0.000 0.010
0.011 -0.011 0.241 1.000 0.006 0.006 -0.000 0.093 -0.093 0.724 0.095 0.095 -0.000 1.000 0.022 0.022 0.000 0.093 0.093 0.000 1.520 1.520 -0.170 -0.171 24.271 0.001 0.001 0.000 0.010
0.012 -0.012 0.248 1.000 0.007 0.007 -0.000 0.098 -0.098 0.735 0.100 0.100 -0.000 1.000 0.022 0.022 0.000 0.094 0.094 0.000 1.519 1.519 -0.169 -0.170 24.271 0.001 0.001 0.000 0.010
0.013 -0.013 0.256 1.000 0.007 0.007 -0.000 0.104 -0.104 0.745 0.105 0.105 -0.000 0.999 0.023 0.023 0.000 0.094 0.094 0.000 1.517 1.517 -0.168 -0.169 24.271 0.001 0.001 0.000 0.010
0.014 -0.014 0.263 1.000 0.008 0.008 -0.000 0.109 -0.109 0.756 0.111 0.111 -0.000 0.999 0.023 0.023 0.000 0.094 0.094 0.000 1.515 1.515 -0.167 -0.167 24.271 0.001 0.001 0.000 0.010
0.015 -0.015 0.271 1.000 0.008 0.008 -0.000 0.115 -0.115 0.766 0.116 0.116 -0.000 0.999 0.024 0.024 0.000 0.094 0.094 0.000 1.514 1.514 -0.165 -0.166 24.271 0.001 0.001 0.000 0.010
0.017 -0.017 0.278 1.000 0.009 0.009 -0.000 0.122 -0.122 0.776 0.121 0.121 -0.000 0.999 0.024 0.024 0.000 0.095 0.095 0.000 1.512 1.512 -0.163 -0.164 24.271 0.001 0.001 0.000 0.010
0.018 -0.018 0.286 1.000 0.009 0.009 -0.000 0.128 -0.128 0.787 0.127 0.127 -0.000 0.999 0.025 0.025 0.000 0.095 0.095 0.000 1.510 1.510 -0.161 -0.161 24.271 0.001 0.001 0.000 0.010
0.019 -0.019 0.294 1.000 0.010 0.010 -0.000 0.135 -0.135 0.797 0.132 0.132 -0.000 0.999 0.025 0.025 0.000 0.095 0.095 0.000 1.509 1.509 -0.158 -0.159 24.271 0.001 0.001 0.000 0.010
0.020 -0.020 0.302 1.000 0.011 0.011 -0.000 0.141 -0.141 0.807 0.137 0.137 -0.000 0.999 0.026 0.026 0.000 0.095 0.095 0.000 1.507 1.507 -0.155 -0.156 24.271 0.001 0.001 0.000 0.010
0.022 -0.022 0.310 1.000 0.011 0.011 -0.000 0.148 -0.148 0.817 0.143 0.143 -0.000 0.999 0.026 0.026 0.000 0.095 0.095 0.000 1.506 1.505 -0.152 -0.153 24.271 0.001 0.001 0.000 0.010
0.023 -0.023 0.318 1.000 0.012 0.012 -0.000 0.155 -0.155 0.827 0.149 0.149 -0.000 0.999 0.026 0.026 0.000 0.096 0.096 0.000 1.504 1.504 -0.149 -0.150 24.271 0.001 0.001 0.000 0.010
0.025 -0.025 0.326 1.000 0.013 0.013 -0.000 0.162 -0.162 0.838 0.154 0.154 -0.000 0.999 0.027 0.027 0.000 0.096 0.096 0.000 1.503 1.502 -0.146 -0.147 24.271 0.001 0.001 0.000 0.010
0.027 -0.027 0.335 1.000 0.014 0.014 -0.000 0.170 -0.170 0.848 0.160 0.160 -0.000 0.999 0.027 0.027 0.000 0.096 0.096 0.000 1.501 1.501 -0.142 -0.143 24.271 0.001 0.001 0.000 0.010
0.028 -0.028 0.343 1.000 0.014 0.014 -0.000 0.177 -0.177 0.858 0.165 0.165 -0.000 0.999 0.028 0.028 0.000 0.096 0.096 0.000 1.500 1.500 -0.138 -0.139 24.271 0.001 0.001 0.000 0.010
0.030 -0.030 0.352 1.000 0.015 0.015 -0.000 0.185 -0.185 0.868 0.171 0.171 -0.000 0.999 0.028 0.028 0.000 0.096 0.096 0.000 1.498 1.498 -0.134 -0.135 24.271 0.001 0.001 0.000 0.010
0.032 -0.032 0.361 1.000 0.016 0.016 -0.000 0.193 -0.193 0.878 0.176 0.176 -0.000 0.999 0.029 0.029 0.000 0.096 0.096 0.000 1.497 1.497 -0.130 -0.131 24.271 0.001 0.001 0.000 0.010
0.034 -0.034 0.369 1.000 0.017 0.017 -0.000 0.201 -0.201 0.888 0.182 0.182 -0.000 0.999 0.029 0.029 0.000 0.097 0.097 0.000 1.496 1.495 -0.126 -0.127 24.271 0.001 0.001 0.000 0.010
0.036 -0.036 0.378 1.000 0.018 0.018 -0.000 0.209 -0.209 0.898 0.187 0.187 -0.000 0.999 0.030 0.030 0.000 0.097 0.097 0.000 1.494 1.494 -0.122 -0.123 24.271 0.001 0.001 0.000 0.010
0.038 -0.038 0.387 1.000 0.019 0.019 -0.000 0.217 -0.217 0.908 0.192 0.192 -0.000 0.999 0.030 0.030 0.000 0.097 0.097 0.000 1.493 1.493 -0.117 -0.119 24.271 0.001 0.001 0.000 0.010
0.040 -0.040 0.396 1.000 0.020 0.020 -0.000 0.225 -0.225 0.918 0.198 0.198 -0.000 0.999 0.031 0.031 0.000 0.097 0.097 0.000 1.492 1.492 -0.113 -0.114 24.271 0.001 0.001 0.000 0.010
0.042 -0.042 0.405 1.000 0.021 0.021 -0.000 0.234 -0.234 0.928 0.203 0.203 -0.000 0.999 0.031 0.031 0.000 0.097 0.097 0.000 1.491 1.491 -0.109 -0.110 24.271 0.001 0.001 0.000 0.010
0.045 -0.045 0.415 1.000 0.022 0.022 -0.000 0.242 -0.242 0.938 0.208 0.208 -0.000 0.999 0.032 0.032 0.000 0.097 0.097 0.000 1.490 1.490 -0.104 -0.105 24.271 0.001 0.001 0.000 0.010
0.047 -0.047 0.424 0.999 0.023 0.023 -0.000 0.251 -0.251 0.948 0.213 0.213 -0.000 0.999 0.032 0.032 0.000 0.097 0.097 0.000 1.489 1.489 -0.100 -0.101 24.271 0.001 0.001 0.000 0.010
0.050 -0.050 0.434 0.999 0.024 0.024 -0.000 0.260 -0.260 0.958 0.217 0.217 -0.000 0.999 0.033 0.033 0.000 0.097 0.097 0.000 1.488 1.487 -0.095 -0.096 24.271 0.001 0.001 0.000 0.010
0.052 -0.052 0.443 0.999 0.025 0.025 -0.000 0.269 -0.269 0.967 0.222 0.222 -0.000 0.999 0.033 0.033 0.000 0.098 0.098 0.000 1.487 1.487 -0.091 -0.092 24.271 0.001 0.001 0.000 0.010
0.055 -0.055 0.453 0.999 0.026 0.026 -0.000 0.278 -0.278 0.977 0.226 0.226 -0.000 0.999 0.034 0.034 0.000 0.098 0.098 0.000 1.486 1.486 -0.086 -0.087 24.271 0.001 0.001 0.000 0.010
0.058 -0.058 0.463 0.999 0.027 0.027 -0.000 0.287 -0.287 0.987 0.231 0.231 -0.000 0.999 0.034 0.034 0.000 0.098 0.098 0.000 1.485 1.485 -0.082 -0.083 24.271 0.001 0.001 0.000 0.010
0.060 -0.060 0.472 0.999 0.028 0.028 -0.000 0.296 -0.296 0.997 0.235 0.235 -0.000 0.999 0.035 0.035 0.000 0.098 0.098 0.000 1.484 1.484 -0.078 -0.079 24.271 0.001 0.001 0.000 0.010
0.063 -0.063 0.482 0.999 0.030 0.030 -0.000 0.305 -0.305 1.007 0.239 0.239 -0.000 0.999 0.035 0.035 0.000 0.098 0.098 0.000 1.483 1.483 -0.074 -0.075 24.271 0.001 0.001 0.000 0.010
0.066 -0.066 0.492 0.999 0.031 0.031 -0.000 0.315 -0.315 1.016 0.242 0.242 0.000 0.999 0.036 0.036 0.000 0.098 0.098 0.000 1.483 1.482 -0.070 -0.071 24.271 0.001 0.001 0.000 0.010
0.070 -0.070 0.503 0.999 0.032 0.032 -0.000 0.324 -0.324 1.026 0.246 0.246 0.000 0.999 0.036 0.036 0.000 0.098 0.098 0.000 1.482 1.482 -0.066 -0.067 24.271 0.001 0.001 0.000 0.010
0.073 -0.073 0.513 0.999 0.033 0.033 -0.000 0.334 -0.334 1.036 0.249 0.249 0.000 0.999 0.037 0.037 0.000 0.098 0.098 0.000 1.481 1.481 -0.062 -0.063 24.271 0.001 0.001 0.000 0.010
0.076 -0.076 0.523 0.999 0.034 0.034 -0.000 0.343 -0.343 1.046 0.252 0.252 0.000 0.999 0.037 0.037 0.000 0.098 0.098 0.000 1.481 1.480 -0.059 -0.060 24.271 0.001 0.001 0.000 0.010
0.080 -0.080 0.534 0.999 0.036 0.036 -0.000 0.353 -0.353 1.055 0.255 0.255 0.000 0.999 0.038 0.038 0.000 0.098 0.098 0.000 1.480 1.480 -0.056 -0.056 24.271 0.001 0.001 0.000 0.010
0.083 -0.083 0.544 0.999 0.037 0.037 -0.000 0.363 -0.363 1.065 0.258 0.258 0.000 0.999 0.038 0.038 0.000 0.098 0.098 0.000 1.480 1.479 -0.052 -0.053 24.271 0.001 0.001 0.000 0.010
0.087 -0.087 0.555 0.999 0.038 0.038 -0.000 0.372 -0.372 1.075 0.260 0.260 0.000 0.999 0.039 0.039 0.000 0.098 0.098 0.000 1.479 1.479 -0.050 -0.050 24.271 0.001 0.001 0.000 0.010
0.091 -0.091 0.566 0.998 0.040 0.040 -0.000 0.382 -0.382 1.084 0.262 0.262 0.000 0.998 0.039 0.039 0.000 0.098 0.098 0.000 1.479 1.478 -0.047 -0.048 24.271 0.001 0.001 0.000 0.010
0.094 -0.094 0.577 0.998 0.041 0.041 -0.000 0.392 -0.392 1.094 0.264 0.264 0.000 0.998 0.040 0.040 0.000 0.099 0.099 0.000 1.478 1.478 -0.045 -0.045 24.271 0.001 0.001 0.000 0.010
0.098 -0.098 0.587 0.998 0.042 0.042 -0.000 0.402 -0.402 1.104 0.265 0.265 0.000 0.998 0.040 0.040 0.000 0.099 0.099 0.000 1.478 1.477 -0.043 -0.043 24.271 0.001 0.001 0.000 0.010
0.102 -0.102 0.598 0.998 0.044 0.044 0.000 0.412 -0.412 1.113 0.266 0.266 0.000 0.998 0.041 0.041 0.000 0.099 0.099 0.000 1.477 1.477 -0.041 -0.042 24.271 0.001 0.001 0.000 0.010
0.106 -0.106 0.610 0.998 0.045 0.045 0.000 0.422 -0.422 1.123 0.267 0.267 0.000 0.998 0.041 0.041 0.000 0.099 0.099 0.000 1.477 1.476 -0.040 -0.040 24.271 0.001 0.001 0.000 0.010
0.111 -0.111 0.621 0.998 0.046 0.046 0.000 0.432 -0.432 1.132 0.268 0.268 0.000 0.998 0.042 0.042 0.000 0.099 0.099 0.000 1.476 1.476 -0.038 -0.039 24.271 0.001 0.001 0.000 0.010
0.115 -0.115 0.632 0.998 0.048 0.048 0.000 0.442 -0.442 1.142 0.268 0.268 0.000 0.998 0.042 0.042 0.000 0.099 0.099 0.000 1.476 1.476 -0.038 -0.038 24.271 0.001 0.001 0.000 0.010
0.119 -0.119 0.644 0.998 0.049 0.049 0.000 0.452 -0.452 1.152 0.268 0.268 0.000 0.998 0.043 0.043 0.000 0.099 0.099 0.000 1.476 1.475 -0.037 -0.038 24.271 0.001 0.001 0.000 0.010
0.124 -0.124 0.655 0.998 0.050 0.050 0.000 0.462 -0.462 1.161 0.268 0.268 0.000 0.998 0.043 0.043 0.000 0.099 0.099 0.000 1.475 1.475 -0.037 -0.037 24.271 0.001 0.001 0.000 0.010
0.129 -0.129 0.667 0.997 0.052 0.052 0.000 0.472 -0.472 1.171 0.267 0.267 0.000 0.998 0.044 0.044 0.000 0.099 0.099 0.000 1.475 1.474 -0.037 -0.037 24.271 0.001 0.001 0.000 0.010
0.133 -0.133 0.678 0.997 0.053 0.053 0.000 0.483 -0.483 1.180 0.266 0.266 0.000 0.998 0.044 0.044 0.000 0.099 0.099 0.000 1.475 1.474 -0.037 -0.038 24.271 0.001 0.001 0.000 0.010
0.138 -0.138 0.690 0.997 0.054 0.054 0.000 0.493 -0.493 1.190 0.265 0.265 0.000 0.998 0.045 0.045 0.000 0.099 0.099 0.000 1.474 1.474 -0.038 -0.039 24.271 0.001 0.001 0.000 0.010
0.143 -0.143 0.702 0.997 0.055 0.055 0.000 0.503 -0.503 1.199 0.263 0.263 0.000 0.998 0.045 0.045 0.000 0.099 0.099 0.000 1.474 1.473 -0.039 -0.040 24.271 0.001 0.001 0.000 0.010
0.148 -0.148 0.714 0.997 0.057 0.057 0.000 0.514 -0.514 1.209 0.261 0.261 0.000 0.998 0.046 0.046 0.000 0.099 0.099 0.000 1.473 1.473 -0.040 -0.041 24.271 0.001 0.001 0.000 0.010
0.153 -0.153 0.726 0.997 0.058 0.058 0.000 0.524 -0.524 1.218 0.259 0.259 0.000 0.998 0.046 0.046 0.000 0.099 0.099 0.000 1.473 1.473 -0.042 -0.043 24.271 0.001 0.001 0.000 0.010
0.158 -0.158 0.738 0.997 0.059 0.059 0.000 0.534 -0.534 1.228 0.257 0.257 0.000 0.998 0.047 0.047 0.000 0.099 0.099 0.000 1.473 1.472 -0.044 -0.045 24.271 0.001 0.001 0.000 0.010
0.164 -0.164 0.751 0.996 0.061 0.061 0.000 0.545 -0.545 1.237 0.254 0.254 0.000 0.998 0.047 0.047 0.000 0.099 0.099 0.000 1.472 1.472 -0.046 -0.047 24.271 0.001 0.001 0.000 0.010
0.169 -0.169 0.763 0.996 0.062 0.062 0.000 0.555 -0.555 1.247 0.251 0.251 0.000 0.998 0.048 0.048 0.000 0.099 0.099 0.000 1.472 1.471 -0.049 -0.050 24.271 0.001 0.001 0.000 0.010
0.175 -0.175 0.775 0.996 0.063 0.063 0.000 0.566 -0.566 1.256 0.248 0.248 0.000 0.998 0.048 0.048 0.000 0.099 0.099 0.000 1.471 1.471 -0.052 -0.052 24.271 0.001 0.001 0.000 0.010
0.180 -0.180 0.788 0.996 0.064 0.064 0.000 0.576 -0.576 1.266 0.244 0.244 0.000 0.998 0.049 0.049 0.000 0.099 0.099 0.000 1.471 1.470 -0.055 -0.056 24.271 0.001 0.001 0.000 0.010
0.186 -0.186 0.801 0.996 0.066 0.066 0.000 0.587 -0.587 1.275 0.241 0.241 0.000 0.998 0.049 0.049 0.000 0.099 0.099 0.000 1.470 1.470 -0.058 -0.059 24.271 0.001 0.001 0.000 0.010
0.192 -0.192 0.813 0.996 0.067 0.067 0.000 0.598 -0.598 1.284 0.237 0.237 0.000 0.998 0.049 0.049 0.000 0.099 0.099 0.000 1.470 1.469 -0.062 -0.063 24.271 0.001 0.001 0.000 0.010
0.198 -0.198 0.826 0.995 0.068 0.068 0.000 0.608 -0.608 1.294 0.232 0.232 0.000 0.998 0.050 0.050 0.000 0.099 0.099 0.000 1.469 1.468 -0.065 -0.066 24.271 0.001 0.001 0.000 0.010
0.204 -0.204 0.839 0.995 0.069 0.069 0.000 0.619 -0.619 1.303 0.228 0.228 0.000 0.997 0.050 0.050 0.000 0.099 0.099 0.000 1.468 1.468 -0.069 -0.071 24.271 0.001 0.001 0.000 0.010
0.210 -0.210 0.852 0.995 0.070 0.070 0.000 0.630 -0.630 1.313 0.223 0.223 0.000 0.997 0.051 0.051 0.000 0.099 0.099 0.000 1.468 1.467 -0.074 -0.075 24.271 0.001 0.001 0.000 0.010
0.217 -0.217 0.865 0.995 0.071 0.071 0.000 0.641 -0.641 1.322 0.218 0.218 0.000 0.997 0.051 0.051 0.000 0.099 0.099 0.000 1.467 1.466 -0.078 -0.079 24.271 0.001 0.001 0.000 0.010
0.223 -0.223 0.879 0.995 0.073 0.073 0.000 0.652 -0.652 1.331 0.213 0.213 0.000 0.997 0.052 0.052 0.000 0.099 0.099 0.000 1.466 1.465 -0.083 -0.084 24.271 0.001 0.001 0.000 0.010
0.230 -0.230 0.892 0.995 0.074 0.074 0.000 0.663 -0.663 1.341 0.208 0.208 0.000 0.997 0.052 0.052 0.000 0.099 0.099 0.000 1.465 1.465 -0.087 -0.089 24.271 0.001 0.001 0.000 0.010
0.236 -0.236 0.905 0.994 0.075 0.075 0.000 0.674 -0.674 1.350 0.202 0.202 0.000 0.997 0.053 0.053 0.000 0.100 0.100 0.000 1.464 1.464 -0.092 -0.094 24.271 0.001 0.001 0.000 0.010
0.243 -0.243 0.919 0.994 0.076 0.076 0.000 0.686 -0.686 1.359 0.197 0.197 0.000 0.997 0.053 0.053 0.000 0.100 0.100 0.000 1.463 1.463 -0.097 -0.099 24.271 0.001 0.001 0.000 0.010
0.250 -0.250 0.932 0.994 0.077 0.077 0.000 0.697 -0.697 1.368 0.191 0.191 0.000 0.997 0.054 0.054 0.000 0.100 0.100 0.000 1.462 1.462 -0.102 -0.104 24.271 0.001 0.001 0.000 0.010
0.257 -0.257 0.946 0.994 0.078 0.078 0.000 0.708 -0.708 1.377 0.185 0.185 0.000 0.997 0.054 0.054 0.000 0.100 0.100 0.000 1.461 1.461 -0.107 -0.109 24.271 0.001 0.001 0.000 0.010
0.264 -0.264 0.960 0.994 0.078 0.078 0.000 0.720 -0.720 1.387 0.179 0.179 0.000 0.997 0.055 0.055 0.000 0.100 0.100 0.000 1.460 1.460 -0.112 -0.114 24.271 0.001 0.001 0.000 0.010
0.271 -0.271 0.974 0.994 0.079 0.079 0.000 0.732 -0.732 1.396 0.173 0.173 0.000 0.997 0.055 0.055 0.000 0.100 0.100 0.000 1.459 1.459 -0.117 -0.119 24.271 0.001 0.001 0.000 0.010
0.278 -0.278 0.988 0.994 0.080 0.080 0.000 0.743 -0.743 1.405 0.167 0.167 0.000 0.997 0.056 0.056 0.000 0.100 0.100 0.000 1.458 1.457 -0.122 -0.124 24.271 0.001 0.001 0.000 0.010
0.286 -0.286 1.002 0.993 0.081 0.081 0.000 0.755 -0.755 1.414 0.161 0.161 0.000 0.997 0.056 0.056 0.000 0.100 0.100 0.000 1.457 1.456 -0.127 -0.130 24.271 0.001 0.001 0.000 0.010
0.293 -0.293 1.016 0.993 0.082 0.082 0.000 0.767 -0.767 1.423 0.154 0.154 0.000 0.997 0.057 0.057 0.000 0.100 0.100 0.000 1.456 1.455 -0.132 -0.135 24.271 0.001 0.001 0.000 0.010
0.301 -0.301 1.030 0.993 0.083 0.083 0.000 0.780 -0.780 1.432 0.148 0.148 0.000 0.997 0.057 0.057 0.000 0.100 0.100 0.000 1.454 1.453 -0.137 -0.140 24.271 0.001 0.001 0.000 0.010
0.309 -0.309 1.044 0.993 0.083 0.083 0.000 0.792 -0.792 1.441 0.141 0.141 0.000 0.997 0.058 0.058 0.000 0.100 0.100 0.000 1.453 1.452 -0.142 -0.145 24.271 0.001 0.001 0.000 0.010
0.317 -0.317 1.059 0.993 0.084 0.084 0.000 0.804 -0.804 1.450 0.135 0.135 0.000 0.997 0.058 0.058 0.000 0.100 0.100 0.000 1.452 1.451 -0.146 -0.150 24.271 0.001 0.001 0.000 0.010
0.325 -0.325 1.073 0.993 0.085 0.085 0.000 0.817 -0.817 1.459 0.129 0.129 0.000 0.997 0.059 0.059 0.000 0.100 0.100 0.000 1.450 1.449 -0.151 -0.154 24.271 0.001 0.001 0.000 0.010
0.333 -0.333 1.088 0.993 0.085 0.085 0.000 0.830 -0.830 1.468 0.122 0.122 0.000 0.996 0.059 0.059 0.000 0.100 0.100 0.000 1.449 1.448 -0.155 -0.159 24.271 0.001 0.001 0.000 0.010
0.341 -0.341 1.103 0.993 0.086 0.086 0.000 0.843 -0.843 1.477 0.116 0.116 0.000 0.996 0.060 0.060 0.000 0.100 0.100 0.000 1.447 1.446 -0.160 -0.163 24.271 0.001 0.001 0.000 0.010
0.350 -0.350 1.117 0.993 0.087 0.087 0.000 0.856 -0.856 1.486 0.110 0.110 0.000 0.996 0.060 0.060 0.000 0.100 0.100 0.000 1.445 1.444 -0.163 -0.167 24.271 0.001 0.001 0.000 0.010
0.358 -0.358 1.132 0.992 0.087 0.087 0.000 0.869 -0.869 1.494 0.103 0.103 0.000 0.996 0.061 0.061 0.000 0.100 0.100 0.000 1.444 1.443 -0.167 -0.171 24.271 0.001 0.001 0.000 0.010
0.367 -0.367 1.147 0.992 0.088 0.088 0.000 0.882 -0.882 1.503 0.097 0.097 0.000 0.996 0.061 0.061 0.000 0.100 0.100 0.000 1.442 1.441 -0.171 -0.175 24.271 0.001 0.001 0.000 0.010
0.376 -0.376 1.162 0.992 0.088 0.088 0.000 0.896 -0.896 1.512 0.091 0.091 0.000 0.996 0.062 0.062 0.000 0.100 0.100 0.000 1.440 1.439 -0.174 -0.178 24.271 0.001 0.001 0.000 0.010
0.385 -0.385 1.177 0.992 0.089 0.089 0.000 0.910 -0.910 1.520 0.085 0.085 0.000 0.996 0.062 0.062 0.000 0.100 0.100 0.000 1.439 1.437 -0.177 -0.182 24.271 0.001 0.001 0.000 0.010
0.394 -0.394 1.193 0.992 0.089 0.089 0.000 0.924 -0.924 1.529 0.079 0.079 0.000 0.996 0.063 0.063 0.000 0.100 0.100 0.000 1.437 1.436 -0.180 -0.185 24.271 0.001 0.001 0.000 0.010
0.403 -0.403 1.208 0.992 0.089 0.089 0.000 0.938 -0.938 1.537 0.073 0.073 0.000 0.996 0.063 0.063 0.000 0.100 0.100 0.000 1.435 1.434 -0.182 -0.187 24.271 0.001 0.001 0.000 0.010
0.412 -0.412 1.223 0.992 0.090 0.090 0.000 0.952 -0.952 1.546 0.068 0.068 0.000 0.996 0.064 0.064 0.000 0.100 0.100 0.000 1.433 1.432 -0.184 -0.190 24.271 0.001 0.001 0.000 0.010
0.422 -0.422 1.239 0.992 0.090 0.090 0.000 0.967 -0.967 1.554 0.062 0.062 0.000 0.996 0.064 0.064 0.000 0.100 0.100 0.000 1.431 1.430 -0.186 -0.192 24.271 0.001 0.001 0.000 0.010
0.432 -0.432 1.254 0.992 0.090 0.090 0.000 0.981 -0.981 1.563 0.057 0.057 0.000 0.996 0.065 0.065 0.000 0.100 0.100 0.000 1.430 1.428 -0.188 -0.193 24.271 0.001 0.001 0.000 0.010
0.441 -0.441 1.270 0.992 0.091 0.091 0.000 0.996 -0.996 1.571 0.052 0.052 0.000 0.996 0.065 0.065 0.000 0.100 0.100 0.000 1.428 1.426 -0.189 -0.195 24.271 0.001 0.001 0.000 0.010
0.451 -0.451 1.286 0.992 0.091 0.091 0.000 1.011 -1.011 1.579 0.047 0.047 0.000 0.996 0.066 0.066 0.000 0.100 0.100 0.000 1.426 1.424 -0.189 -0.196 24.271 0.001 0.001 0.000 0.010
0.461 -0.461 1.301 0.992 0.091 0.091 0.000 1.027 -1.027 1.587 0.042 0.042 -0.000 0.996 0.066 0.066 0.000 0.100 0.100 0.000 1.424 1.422 -0.190 -0.196 24.271 0.001 0.001 0.000 0.010
0.472 -0.472 1.317 0.992 0.091 0.091 0.000 1.042 -1.042 1.595 0.037 0.037 -0.000 0.996 0.067 0.067 0.000 0.100 0.100 0.000 1.422 1.420 -0.190 -0.196 24.271 0.001 0.001 0.000 0.010
0.482 -0.482 1.333 0.992 0.092 0.092 0.000 1.058 -1.058 1.603 0.033 0.033 -0.000 0.995 0.067 0.067 0.000 0.100 0.100 0.000 1.420 1.418 -0.190 -0.196 24.271 0.001 0.001 0.000 0.010
0.493 -0.493 1.349 0.992 0.092 0.092 0.000 1.074 -1.074 1.611 0.029 0.029 -0.000 0.995 0.068 0.068 0.000 0.100 0.100 0.000 1.418 1.416 -0.189 -0.196 24.271 0.001 0.001 0.000 0.010
0.503 -0.503 1.365 0.992 0.092 0.092 0.000 1.090 -1.090 1.619 0.025 0.025 -0.000 0.995 0.068 0.068 0.000 0.100 0.100 0.000 1.416 1.414 -0.188 -0.195 24.271 0.001 0.001 0.000 0.010
0.514 -0.514 1.382 0.992 0.092 0.092 0.000 1.106 -1.106 1.627 0.021 0.021 -0.000 0.995 0.069 0.069 0.000 0.100 0.100 0.000 1.414 1.412 -0.187 -0.194 24.271 0.001 0.001 0.000 0.010
0.525 -0.525 1.398 0.992 0.092 0.092 0.000 1.123 -1.123 1.635 0.017 0.017 -0.000 0.995 0.069 0.069 0.000 0.100 0.100 0.000 1.413 1.411 -0.185 -0.192 24.271 0.001 0.001 0.000 0.010
0.537 -0.537 1.414 0.992 0.092 0.092 0.000 1.139 -1.139 1.643 0.014 0.014 -0.000 0.995 0.070 0.070 0.000 0.100 0.100 0.000 1.411 1.409 -0.183 -0.190 24.271 0.001 0.001 0.000 0.010
0.548 -0.548 1.431 0.992 0.092 0.092 0.000 1.156 -1.156 1.650 0.011 0.011 -0.000 0.995 0.070 0.070 0.000 0.100 0.100 0.000 1.409 1.407 -0.181 -0.188 24.271 0.001 0.001 0.000 0.010
0.560 -0.560 1.447 0.992 0.092 0.092 0.000 1.173 -1.173 1.658 0.008 0.008 -0.000 0.995 0.071 0.071 0.000 0.100 0.100 0.000 1.407 1.405 -0.178 -0.186 24.271 0.001 0.001 0.000 0.010
0.571 -0.571 1.464 0.992 0.092 0.092 0.000 1.190 -1.190 1.666 0.005 0.005 -0.000 0.995 0.071 0.071 0.000 0.100 0.100 0.000 1.405 1.403 -0.175 -0.183 24.271 0.001 0.001 0.000 0.010
0.583 -0.583 1.480 0.992 0.092 0.092 0.000 1.208 -1.208 1.673 0.003 0.003 -0.000 0.995 0.072 0.072 0.000 0.100 0.100 0.000 1.404 1.401 -0.172 -0.180 24.271 0.001 0.001 0.000 0.010
0.595 -0.595 1.497 0.992 0.092 0.092 0.000 1.225 -1.225 1.680 0.000 0.000 -0.000 0.995 0.072 0.072 0.000 0.100 0.100 0.000 1.402 1.399 -0.168 -0.176 24.271 0.001 0.001 0.000 0.010
0.608 -0.608 1.514 0.992 0.092 0.092 0.000 1.243 -1.243 1.688 -0.002 -0.002 -0.000 0.995 0.073 0.073 0.000 0.100 0.100 0.000 1.400 1.398 -0.165 -0.172 24.271 0.001 0.001 0.000 0.010
0.620 -0.620 1.531 0.992 0.092 0.092 0.000 1.261 -1.261 1.695 -0.003 -0.004 -0.000 0.995 0.073 0.073 0.000 0.100 0.100 0.000 1.398 1.396 -0.160 -0.168 24.271 0.001 0.001 0.000 0.010
0.633 -0.633 1.548 0.992 0.092 0.092 0.000 1.279 -1.279 1.702 -0.005 -0.005 -0.000 0.995 0.074 0.074 0.000 0.100 0.100 0.000 1.397 1.394 -0.156 -0.164 24.271 0.001 0.001 0.000 0.010
0.645 -0.645 1.565 0.992 0.092 0.092 0.000 1.297 -1.298 1.709 -0.006 -0.006 -0.000 0.994 0.074 0.074 0.000 0.100 0.100 0.000 1.395 1.393 -0.152 -0.159 24.271 0.001 0.001 0.000 0.010
0.658 -0.658 1.582 0.992 0.092 0.092 0.000 1.316 -1.316 1.716 -0.008 -0.008 -0.000 0.994 0.075 0.075 0.000 0.100 0.100 0.000 1.394 1.391 -0.147 -0.154 24.271 0.001 0.001 0.000 0.010
0.672 -0.672 1.599 0.992 0.092 0.092 0.000 1.335 -1.335 1.723 -0.008 -0.009 -0.000 0.994 0.075 0.075 0.000 0.100 0.100 0.000 1.392 1.389 -0.142 -0.149 24.271 0.001 0.001 0.000 0.010
0.685 -0.685 1.616 0.992 0.092 0.092 0.000 1.353 -1.353 1.730 -0.009 -0.009 -0.000 0.994 0.076 0.076 0.000 0.100 0.100 0.000 1.391 1.388 -0.137 -0.144 24.271 0.001 0.001 0.000 0.010
0.698 -0.698 1.633 0.992 0.092 0.092 -0.000 1.372 -1.372 1.737 -0.010 -0.010 -0.000 0.994 0.076 0.076 0.000 0.100 0.100 0.000 1.390 1.387 -0.132 -0.139 24.271 0.001 0.001 0.000 0.010
0.712 -0.712 1.651 0.992 0.092 0.092 -0.000 1.391 -1.391 1.744 -0.010 -0.010 -0.000 0.994 0.077 0.077 0.000 0.100 0.100 0.000 1.388 1.385 -0.126 -0.133 24.271 0.001 0.001 0.000 0.010
0.726 -0.726 1.668 0.992 0.092 0.092 -0.000 1.410 -1.410 1.751 -0.010 -0.010 -0.000 0.994 0.077 0.077 0.000 0.100 0.100 0.000 1.387 1.384 -0.121 -0.128 24.271 0.001 0.001 0.000 0.010
0.740 -0.740 1.686 0.992 0.092 0.092 -0.000 1.430 -1.430 1.758 -0.010 -0.010 -0.000 0.994 0.078 0.078 0.000 0.100 0.100 0.000 1.386 1.383 -0.115 -0.122 24.271 0.001 0.001 0.000 0.010
0.754 -0.754 1.703 0.992 0.092 0.092 -0.000 1.449 -1.449 1.764 -0.010 -0.010 -0.000 0.994 0.078 0.078 0.000 0.100 0.100 0.000 1.385 1.381 -0.110 -0.116 24.271 0.001 0.001 0.000 0.010
0.769 -0.769 1.721 0.992 0.092 0.092 -0.000 1.469 -1.469 1.771 -0.009 -0.010 -0.000 0.994 0.079 0.079 0.000 0.100 0.100 0.000 1.383 1.380 -0.104 -0.110 24.271 0.001 0.001 0.000 0.010
0.784 -0.784 1.739 0.992 0.092 0.092 -0.000 1.488 -1.488 1.778 -0.009 -0.009 -0.000 0.994 0.079 0.079 0.000 0.100 0.100 0.000 1.382 1.379 -0.099 -0.104 24.271 0.001 0.001 0.000 0.010
0.798 -0.799 1.757 0.992 0.092 0.092 -0.000 1.508 -1.508 1.784 -0.008 -0.008 -0.000 0.994 0.080 0.080 0.000 0.100 0.100 0.000 1.381 1.378 -0.093 -0.099 24.271 0.001 0.001 0.000 0.010
0.814 -0.814 1.774 0.992 0.092 0.092 -0.000 1.528 -1.528 1.791 -0.007 -0.007 -0.000 0.994 0.080 0.080 0.000 0.100 0.100 0.000 1.381 1.377 -0.088 -0.093 24.271 0.001 0.001 0.000 0.010
0.829 -0.829 1.792 0.992 0.092 0.092 -0.000 1.548 -1.548 1.797 -0.006 -0.007 -0.000 0.993 0.081 0.081 0.000 0.100 0.100 0.000 1.380 1.376 -0.082 -0.087 24.271 0.001 0.001 0.000 0.010
0.844 -0.844 1.810 0.992 0.092 0.092 -0.000 1.568 -1.568 1.804 -0.005 -0.005 -0.000 0.993 0.081 0.081 0.000 0.100 0.100 0.000 1.379 1.375 -0.077 -0.082 24.271 0.001 0.001 0.000 0.010
0.860 -0.860 1.828 0.992 0.092 0.092 -0.000 1.588 -1.588 1.810 -0.004 -0.004 -0.000 0.993 0.082 0.082 0.000 0.100 0.100 0.000 1.378 1.374 -0.072 -0.076 24.271 0.001 0.001 0.000 0.010
0.876 -0.876 1.846 0.992 0.092 0.092 -0.000 1.608 -1.608 1.816 -0.003 -0.003 -0.000 0.993 0.082 0.082 0.000 0.100 0.100 0.000 1.377 1.374 -0.066 -0.071 24.271 0.001 0.001 0.000 0.010
0.892 -0.892 1.865 0.992 0.092 0.092 -0.000 1.628 -1.628 1.823 -0.001 -0.001 -0.000 0.993 0.083 0.083 0.000 0.100 0.100 0.000 1.377 1.373 -0.062 -0.066 24.271 0.001 0.001 0.000 0.010
0.908 -0.908 1.883 0.992 0.092 0.092 -0.000 1.649 -1.649 1.829 0.000 0.000 -0.000 0.993 0.083 0.083 0.000 0.100 0.100 0.000 1.376 1.372 -0.057 -0.061 24.271 0.001 0.001 0.000 0.010
0.925 -0.925 1.901 0.992 0.092 0.092 -0.000 1.669 -1.669 1.835 0.002 0.002 -0.000 0.993 0.084 0.084 0.000 0.100 0.100 0.000 1.376 1.372 -0.052 -0.056 24.271 0.001 0.001 0.000 0.010
0.941 -0.941 1.919 0.992 0.092 0.092 -0.000 1.689 -1.689 1.842 0.004 0.003 -0.000 0.993 0.084 0.084 0.000 0.100 0.100 0.000 1.375 1.371 -0.048 -0.051 24.271 0.001 0.001 0.000 0.010
0.958 -0.958 1.938 0.992 0.092 0.092 -0.000 1.710 -1.710 1.848 0.005 0.005 -0.000 0.993 0.085 0.085 0.000 0.100 0.100 0.000 1.375 1.371 -0.044 -0.047 24.271 0.001 0.001 0.000 0.010
0.975 -0.975 1.956 0.992 0.092 0.092 -0.000 1.730 -1.730 1.854 0.007 0.007 -0.000 0.993 0.085 0.085 0.000 0.100 0.100 0.000 1.374 1.370 -0.040 -0.043 24.271 0.001 0.001 0.000 0.010
0.993 -0.993 1.975 0.992 0.092 0.092 -0.000 1.751 -1.751 1.860 0.009 0.009 -0.000 0.993 0.086 0.086 0.000 0.100 0.100 0.000 1.374 1.370 -0.037 -0.039 24.271 0.001 0.001 0.000 0.010
1.010 -1.010 1.993 0.992 0.092 0.092 -0.000 1.771 -1.772 1.867 0.011 0.011 -0.000 0.993 0.086 0.086 0.000 0.100 0.100 0.000 1.373 1.369 -0.033 -0.036 24.271 0.001 0.001 0.000 0.010
1.028 -1.028 2.012 0.992 0.092 0.092 -0.000 1.792 -1.792 1.873 0.013 0.013 -0.000 0.992 0.087 0.087 0.000 0.100 0.100 0.000 1.373 1.369 -0.031 -0.033 24.271 0.001 0.001 0.000 0.010
1.046 -1.046 2.031 0.992 0.092 0.092 -0.000 1.813 -1.813 1.879 0.015 0.015 -0.000 0.992 0.087 0.087 0.000 0.100 0.100 0.000 1.373 1.369 -0.028 -0.030 24.271 0.001 0.001 0.000 0.010
1.064 -1.064 2.050 0.992 0.092 0.092 -0.000 1.833 -1.833 1.885 0.017 0.017 -0.000 0.992 0.088 0.088 0.000 0.100 0.100 0.000 1.372 1.368 -0.026 -0.028 24.271 0.001 0.001 0.000 0.010
1.082 -1.082 2.068 0.992 0.092 0.092 -0.000 1.854 -1.854 1.891 0.019 0.019 -0.000 0.992 0.088 0.088 0.000 0.100 0.100 0.000 1.372 1.368 -0.024 -0.026 24.271 0.001 0.001 0.000 0.010
1.101 -1.101 2.087 0.992 0.092 0.092 -0.000 1.875 -1.875 1.898 0.021 0.021 -0.000 0.992 0.089 0.089 0.000 0.100 0.100 0.000 1.372 1.368 -0.022 -0.024 24.271 0.001 0.001 0.000 0.010
1.120 -1.120 2.106 0.992 0.092 0.092 -0.000 1.895 -1.895 1.904 0.023 0.023 -0.000 0.992 0.089 0.089 0.000 0.100 0.100 0.000 1.372 1.368 -0.021 -0.023 24.271 0.001 0.001 0.000 0.010
1.139 -1.139 2.125 0.992 0.092 0.092 -0.000 1.916 -1.916 1.910 0.025 0.025 0.000 0.992 0.090 0.090 0.000 0.100 0.100 0.000 1.371 1.367 -0.021 -0.022 24.271 0.001 0.001 0.000 0.010
1.158 -1.158 2.144 0.992 0.092 0.092 -0.000 1.937 -1.937 1.916 0.027 0.027 0.000 0.992 0.090 0.090 0.000 0.100 0.100 0.000 1.371 1.367 -0.020 -0.022 24.271 0.001 0.001 0.000 0.010
1.177 -1.177 2.164 0.991 0.093 0.093 -0.000 1.958 -1.958 1.922 0.029 0.029 0.000 0.992 0.091 0.091 0.000 0.100 0.100 0.000 1.371 1.367 -0.020 -0.022 24.271 0.001 0.001 0.000 0.010
1.197 -1.197 2.183 0.991 0.093 0.093 -0.000 1.978 -1.978 1.928 0.031 0.031 0.000 0.992 0.091 0.091 0.000 0.100 0.100 0.000 1.371 1.367 -0.021 -0.022 24.271 0.001 0.001 0.000 0.010
1.216 -1.216 2.202 0.991 0.093 0.093 -0.000 1.999 -1.999 1.934 0.033 0.033 0.000 0.992 0.092 0.092 0.000 0.100 0.100 0.000 1.371 1.366 -0.021 -0.023 24.271 0.001 0.001 0.000 0.010
1.236 -1.236 2.222 0.991 0.093 0.093 -0.000 2.020 -2.020 1.940 0.035 0.035 0.000 0.992 0.092 0.092 0.000 0.100 0.100 0.000 1.370 1.366 -0.023 -0.024 24.271 0.001 0.001 0.000 0.010
1.257 -1.257 2.241 0.991 0.093 0.093 -0.000 2.041 -2.041 1.946 0.037 0.037 0.000 0.991 0.093 0.093 0.000 0.100 0.100 0.000 1.370 1.366 -0.024 -0.026 24.271 0.001 0.001 0.000 0.010
1.277 -1.277 2.260 0.991 0.093 0.093 -0.000 2.062 -2.062 1.953 0.039 0.039 0.000 0.991 0.093 0.093 0.000 0.100 0.100 0.000 1.370 1.366 -0.026 -0.028 24.271 0.001 0.001 0.000 0.010
1.298 -1.298 2.280 0.991 0.094 0.094 -0.000 2.082 -2.082 1.959 0.041 0.041 0.000 0.991 0.094 0.094 0.000 0.100 0.100 0.000 1.370 1.365 -0.028 -0.030 24.271 0.001 0.001 0.000 0.010
1.319 -1.319 2.299 0.991 0.094 0.094 -0.000 2.103 -2.103 1.965 0.043 0.043 0.000 0.991 0.094 0.094 0.000 0.100 0.100 0.000 1.369 1.365 -0.031 -0.033 24.271 0.001 0.001 0.000 0.010
1.340 -1.340 2.319 0.991 0.094 0.094 -0.000 2.124 -2.124 1.971 0.045 0.045 0.000 0.991 0.095 0.095 0.000 0.100 0.100 0.000 1.369 1.365 -0.034 -0.036 24.271 0.001 0.001 0.000 0.010
1.361 -1.361 2.339 0.991 0.094 0.094 -0.000 2.145 -2.145 1.977 0.047 0.047 0.000 0.991 0.095 0.095 0.000 0.100 0.100 0.000 1.369 1.364 -0.037 -0.040 24.271 0.001 0.001 0.000 0.010
1.382 -1.382 2.359 0.991 0.094 0.094 -0.000 2.166 -2.166 1.983 0.049 0.049 0.000 0.991 0.096 0.096 0.000 0.100 0.100 0.000 1.368 1.364 -0.041 -0.044 24.271 0.001 0.001 0.000 0.010
1.404 -1.404 2.378 0.991 0.095 0.095 -0.000 2.187 -2.187 1.989 0.051 0.051 0.000 0.991 0.096 0.096 0.000 0.100 0.100 0.000 1.368 1.364 -0.045 -0.048 24.271 0.001 0.001 0.000 0.010
1.426 -1.426 2.398 0.991 0.095 0.095 -0.000 2.208 -2.208 1.995 0.052 0.053 0.000 0.991 0.097 0.097 0.000 0.100 0.100 0.000 1.368 1.363 -0.049 -0.052 24.271 0.001 0.001 0.000 0.010
1.448 -1.448 2.418 0.991 0.095 0.095 -0.000 2.229 -2.229 2.001 0.054 0.054 0.000 0.991 0.097 0.097 0.000 0.100 0.100 0.000 1.367 1.363 -0.054 -0.057 24.271 0.001 0.001 0.000 0.010
1.470 -1.470 2.438 0.991 0.095 0.095 -0.000 2.250 -2.250 2.007 0.056 0.056 0.000 0.990 0.098 0.098 0.000 0.100 0.100 0.000 1.366 1.362 -0.059 -0.062 24.271 0.001 0.001 0.000 0.010
1.493 -1.493 2.458 0.991 0.096 0.096 -0.000 2.271 -2.271 2.013 0.058 0.058 0.000 0.990 0.098 0.098 0.000 0.100 0.100 0.000 1.366 1.361 -0.064 -0.068 24.271 0.001 0.001 0.000 0.010
1.515 -1.515 2.478 0.991 0.096 0.096 -0.000 2.292 -2.292 2.019 0.060 0.060 0.000 0.990 0.099 0.099 0.000 0.100 0.100 0.000 1.365 1.361 -0.069 -0.073 24.271 0.001 0.001 0.000 0.010
1.538 -1.538 2.499 0.991 0.096 0.096 -0.000 2.314 -2.313 2.024 0.062 0.062 0.000 0.990 0.099 0.099 0.000 0.100 0.100 0.000 1.365 1.360 -0.074 -0.079 24.271 0.001 0.001 0.000 0.010
1.561 -1.561 2.519 0.991 0.097 0.097 -0.000 2.335 -2.335 2.030 0.064 0.064 0.000 0.990 0.100 0.100 0.000 0.100 0.100 0.000 1.364 1.359 -0.080 -0.085 24.271 0.001 0.001 0.000 0.010
1.585 -1.585 2.539 0.991 0.097 0.097 -0.000 2.356 -2.356 2.036 0.066 0.066 0.000 0.990 0.100 0.100 0.000 0.100 0.100 0.000 1.363 1.358 -0.086 -0.091 24.271 0.001 0.001 0.000 0.010
1.608 -1.608 2.560 0.991 0.097 0.097 -0.000 2.378 -2.378 2.042 0.068 0.068 0.000 0.990 0.101 0.101 0.000 0.100 0.100 0.000 1.362 1.357 -0.092 -0.098 24.271 0.001 0.001 0.000 0.010
1.632 -1.632 2.580 0.991 0.098 0.098 0.000 2.399 -2.399 2.048 0.070 0.070 0.000 0.990 0.101 0.101 0.000 0.100 0.100 0.000 1.361 1.356 -0.098 -0.104 24.271 0.001 0.001 0.000 0.010
1.656 -1.656 2.600 0.990 0.098 0.098 0.000 2.421 -2.421 2.053 0.072 0.072 0.000 0.990 0.102 0.102 0.000 0.100 0.100 0.000 1.360 1.355 -0.104 -0.111 24.271 0.001 0.001 0.000 0.010
1.680 -1.680 2.621 0.990 0.098 0.098 0.000 2.442 -2.442 2.059 0.074 0.074 0.000 0.990 0.102 0.102 0.000 0.100 0.100 0.000 1.359 1.354 -0.110 -0.117 24.271 0.001 0.001 0.000 0.010
1.705 -1.705 2.642 0.990 0.099 0.099 0.000 2.464 -2.464 2.065 0.076 0.076 0.000 0.989 0.103 0.103 0.000 0.100 0.100 0.000 1.358 1.353 -0.116 -0.124 24.271 0.001 0.001 0.000 0.010
1.729 -1.729 2.662 0.990 0.099 0.099 0.000 2.486 -2.486 2.070 0.078 0.078 0.000 0.989 0.103 0.103 0.000 0.100 0.100 0.000 1.357 1.352 -0.122 -0.131 24.271 0.001 0.001 0.000 0.010
1.754 -1.754 2.683 0.990 0.099 0.099 0.000 2.508 -2.508 2.076 0.080 0.080 0.000 0.989 0.104 0.104 0.000 0.100 0.100 0.000 1.356 1.351 -0.128 -0.137 24.271 0.001 0.001 0.000 0.010
1.779 -1.779 2.704 0.990 0.100 0.100 0.000 2.530 -2.530 2.081 0.082 0.083 0.000 0.989 0.104 0.104 0.000 0.100 0.100 0.000 1.354 1.349 -0.134 -0.144 24.271 0.001 0.001 0.000 0.010
1.805 -1.805 2.724 0.990 0.100 0.100 0.000 2.553 -2.552 2.086 0.085 0.085 0.000 0.989 0.105 0.105 0.000 0.100 0.100 0.000 1.353 1.348 -0.140 -0.150 24.271 0.001 0.001 0.000 0.010
1.830 -1.830 2.745 0.990 0.101 0.101 0.000 2.575 -2.575 2.092 0.087 0.087 0.000 0.989 0.105 0.105 0.000 0.100 0.100 0.000 1.352 1.346 -0.146 -0.157 24.271 0.001 0.001 0.000 0.010
1.856 -1.856 2.766 0.990 0.101 0.101 0.000 2.598 -2.597 2.097 0.090 0.090 0.000 0.989 0.106 0.106 0.000 0.100 0.100 0.000 1.350 1.345 -0.151 -0.163 24.271 0.001 0.001 0.000 0.010
1.882 -1.882 2.787 0.990 0.102 0.102 0.000 2.620 -2.620 2.102 0.092 0.092 0.000 0.989 0.106 0.106 0.000 0.100 0.100 0.000 1.349 1.343 -0.157 -0.169 24.271 0.001 0.001 0.000 0.010
1.908 -1.908 2.808 0.990 0.102 0.102 0.000 2.643 -2.643 2.107 0.095 0.095 0.000 0.989 0.107 0.107 0.000 0.100 0.100 0.000 1.347 1.341 -0.162 -0.175 24.271 0.001 0.001 0.000 0.010
1.934 -1.934 2.829 0.990 0.102 0.102 0.000 2.666 -2.666 2.112 0.097 0.098 0.000 0.989 0.107 0.107 0.000 0.100 0.100 0.000 1.346 1.340 -0.167 -0.180 24.271 0.001 0.001 0.000 0.010
1.961 -1.961 2.850 0.989 0.103 0.103 0.000 2.689 -2.689 2.117 0.100 0.100 0.000 0.988 0.108 0.108 0.000 0.100 0.100 0.000 1.344 1.338 -0.172 -0.186 24.271 0.001 0.001 0.000 0.010
1.988 -1.988 2.872 0.989 0.103 0.103 0.000 2.713 -2.712 2.122 0.103 0.103 0.000 0.988 0.108 0.108 0.000 0.100 0.100 0.000 1.342 1.336 -0.177 -0.191 24.271 0.001 0.001 0.000 0.010
2.015 -2.015 2.893 0.989 0.104 0.104 0.000 2.736 -2.736 2.127 0.106 0.106 0.000 0.988 0.109 0.109 0.000 0.100 0.100 0.000 1.340 1.334 -0.181 -0.196 24.271 0.001 0.001 0.000 0.010
2.043 -2.043 2.914 0.989 0.104 0.104 0.000 2.760 -2.760 2.132 0.109 0.110 0.000 0.988 0.109 0.109 0.000 0.100 0.100 0.000 1.339 1.332 -0.185 -0.200 24.271 0.001 0.001 0.000 0.010
2.070 -2.070 2.935 0.989 0.105 0.105 0.000 2.784 -2.784 2.136 0.113 0.113 0.000 0.988 0.110 0.110 0.000 0.100 0.100 0.000 1.337 1.330 -0.188 -0.204 24.271 0.001 0.001 0.000 0.010
2.098 -2.098 2.957 0.989 0.106 0.106 0.000 2.808 -2.808 2.141 0.116 0.116 0.000 0.988 0.110 0.110 0.000 0.100 0.100 0.000 1.335 1.328 -0.192 -0.208 24.271 0.001 0.001 0.000 0.010
2.126 -2.126 2.978 0.989 0.106 0.106 0.000 2.832 -2.832 2.145 0.119 0.120 0.000 0.988 0.111 0.111 0.000 0.100 0.100 0.000 1.333 1.326 -0.194 -0.212 24.271 0.001 0.001 0.000 0.010
2.154 -2.154 3.000 0.989 0.107 0.107 0.000 2.856 -2.856 2.150 0.123 0.123 0.000 0.988 0.111 0.111 0.000 0.100 0.100 0.000 1.331 1.324 -0.197 -0.215 24.271 0.001 0.001 0.000 0.010
2.183 -2.183 3.021 0.989 0.107 0.107 0.000 2.881 -2.881 2.154 0.127 0.127 0.000 0.988 0.111 0.111 0.000 0.100 0.100 0.000 1.329 1.322 -0.199 -0.218 24.271 0.001 0.001 0.000 0.010
2.212 -2.212 3.043 0.988 0.108 0.108 0.000 2.906 -2.906 2.158 0.130 0.131 0.000 0.987 0.112 0.112 0.000 0.100 0.100 0.000 1.327 1.320 -0.201 -0.220 24.271 0.001 0.001 0.000 0.010
