-10.000000 0.000000 10.000000 0.000000 0.000000 0.000000 1.000000 -11.000000 -1.000000 11.500000 0.000000 0.000000 0.000000 1.000000 -9.000000 -1.000000 11.500000 0.000000 0.000000 0.000000 1.000000 -9.000000 1.000000 11.500000 0.000000 0.000000 0.000000 1.000000 -11.000000 1.000000 11.500000 0.000000 0.000000 0.000000 1.000000
-9.999920 0.000001 9.978930 -0.086160 0.087350 0.992329 0.015173 -9.036660 1.057755 11.466625 0.011703 0.223820 0.974496 0.011182 -11.018775 1.087331 11.119472 0.024785 -0.135037 0.126466 0.982424 -11.097650 -0.880813 11.460841 -0.076735 0.259668 0.961647 0.043820 -9.138453 -0.911350 11.808251 0.003156 0.117368 0.133513 0.984068
-9.551450 0.235416 10.964200 0.111603 0.051201 0.933074 0.338077 -8.464335 0.668895 11.970491 -0.271589 -0.203048 0.940375 0.026573 -9.524685 2.152908 12.317786 -0.261187 -0.048974 0.963461 0.033559 -10.768183 0.620853 12.659806 0.241748 -0.252915 0.931664 0.097946 -8.970684 -0.789433 12.312511 -0.249371 0.250628 0.932841 0.069333
-8.943110 1.240270 11.792100 0.079655 -0.039362 0.790628 0.605817 -7.513204 0.003069 12.942312 0.248079 -0.175093 0.949163 0.083002 -8.495262 1.977122 13.289608 0.253913 -0.140140 0.955576 0.052570 -10.430991 1.457009 13.358150 0.306788 -0.080495 0.628567 0.710144 -10.110792 -0.117758 13.010854 0.067843 -0.346983 0.736679 0.576458
-8.741860 1.547000 12.310500 -0.106424 -0.018660 0.723046 0.682298 -7.418671 1.004085 13.965496 -0.174539 0.307467 0.881627 0.312623 -7.418549 2.513784 13.708624 0.252631 -0.247341 0.076856 0.932252 -9.385696 2.371861 13.364206 0.110947 -0.335694 0.803334 0.479222 -9.540159 0.102143 13.621078 0.068826 -0.272481 0.923749 0.260200
-7.330590 1.960460 13.694000 -0.122734 0.003634 0.686189 0.716986 -6.830409 0.677618 15.389606 0.253468 0.207156 0.943445 -0.052458 -6.861101 3.094797 15.042310 -0.247944 0.252040 0.932433 0.074628 -8.831966 3.144621 14.700290 0.254188 0.187456 0.947560 -0.048766 -8.742195 1.505557 15.047587 -0.283085 0.124206 0.225663 0.923857
-6.752720 2.873630 14.876800 -0.094509 0.078390 0.099685 0.987414 -6.986581 2.039259 16.572407 0.315521 -0.159520 0.354745 0.865538 -5.080792 1.930240 16.225110 -0.250209 0.249791 0.067766 0.932956 -5.501616 3.858876 15.883090 0.144880 -0.082696 0.945631 0.279200 -7.747130 3.268892 16.230387 0.123228 -0.331383 0.820429 0.449329
-6.233950 3.095140 15.275200 -0.079338 0.039165 0.955584 0.281124 -5.289360 3.806056 16.776802 -0.278652 -0.211094 0.935536 0.050638 -6.503130 5.018117 16.429506 -0.249230 0.250767 0.932802 0.069855 -7.591970 3.340679 16.489992 0.250846 -0.194517 0.946035 0.065245 -5.608687 2.079246 16.837288 0.133791 -0.327262 0.834415 0.422791
-5.730760 3.755700 15.128000 -0.090557 0.082924 0.051212 0.991111 -6.067134 3.001663 16.823607 0.253664 -0.145151 0.954831 0.053695 -4.128904 2.697331 16.476310 0.250413 -0.249586 0.068530 0.932901 -4.362554 4.653082 16.134290 0.348163 -0.061502 0.589801 0.726041 -6.631612 4.255956 16.481587 -0.273645 -0.223871 0.935047 0.026225
-4.896890 3.473880 15.017200 -0.116509 0.038761 0.451127 0.883972 -5.196613 2.283975 16.712806 0.251248 -0.195750 0.945815 0.063172 -3.759202 4.255391 16.365510 0.255793 0.153266 0.953687 -0.039494 -5.365853 5.390561 16.023491 0.159570 -0.315496 0.865594 0.354608 -6.166823 3.850176 16.370787 0.200271 0.163028 0.965570 -0.031422
-4.291230 3.899140 14.283400 -0.087294 0.086352 0.012980 0.992348 -4.668883 2.857751 15.979007 -0.251704 0.248284 0.073367 0.932533 -3.012735 2.542343 15.631710 0.242052 0.248971 0.935997 -0.057739 -3.114397 4.504512 15.289690 -0.107223 -0.336903 0.369087 0.859520 -5.457193 4.514077 15.636987 -0.136353 -0.233927 0.944416 0.186451
-3.510930 4.282200 12.557100 -0.112154 0.049984 0.362397 0.923900 -4.052848 2.969915 14.252707 0.308321 -0.140751 0.340994 0.876841 -2.425746 4.722672 13.905410 0.303271 0.181733 0.921312 0.161815 -3.766037 6.165144 13.563390 0.329697 -0.127671 0.438260 0.826395 -4.869465 4.955269 13.910687 0.279135 -0.091005 0.674913 0.676974
-2.887360 4.981540 9.104950 -0.105857 0.062218 0.256750 0.958646 -2.866488 4.137592 10.800556 0.198896 -0.286018 0.912730 0.213442 -0.995970 4.649377 10.453260 0.341561 -0.091301 0.524984 0.774204 -2.011699 6.315917 10.111241 0.229639 -0.268823 0.924893 0.139901 -3.941106 5.051160 10.458537 0.252728 0.224311 0.939509 -0.055994
-1.931460 5.173680 5.404270 -0.088840 0.084761 0.030904 0.991952 -3.179679 3.968014 7.099877 0.273716 -0.083285 0.721498 0.630543 -1.238610 4.549233 6.752580 0.181906 -0.247854 0.879553 0.363132 -1.381301 6.533180 6.410560 -0.278660 -0.211827 0.935386 0.050300 -3.073996 6.672895 6.757857 0.253968 0.245968 0.933965 -0.052049
