-10 0 10 0 0 0 1 0 0 0 0 0 0 0 0 0 1 0 0 0 0 0 0 0 0 0 0 1 0 0 0 0 0 0 0 0 0 0 1 0 0 0 0 0 0 0 0 0 0 1 0 0 0 0 0 0 0 0 0 0 0 0 0 0 0 0 0 0 0 0 0 0 0 0
-9.81733 0.120314 10.6199 0.0867868 0.0868614 -0.00717004 0.992407 0.851221 0.724275 1.66518 -1.36596 -0.290069 1.01653 0.00597787 -0.258751 0.0242069 0.965622 -2 0.189178 -0.70647 0.523599 0.00903275 4.00194 0.066523 -0.248851 0.251144 0.932696 0.0712646 2 -2 2 0.523599 2.23353 4.61998 5 0.0055187 0.272807 0.274843 0.921958 2 1.19514 0.858432 0.498767 0.0624254 1.97086 0.416742 0.0328475 0.230878 0.556247 0.797625 2 2 -2 0.410763 0.114862 1.52296 0.707722 16.3363 -0.0580492 0.0029559 -0.0110386 25.3025 0.0669433 -0.0714488 0.0338642 15.7702 0.07108 0.0186741 0.013413 15.7206 0.081135 0.0659721 -0.0567662 0.64
-9.41377 0.38766 11.2393 0.0869844 0.0557471 -0.0042471 0.99464 2.02948 1.13434 2.69903 0.507629 -0.633984 -1.10363 0.0533665 -0.253257 0.199484 0.945103 -0.748874 2 -0.574911 0.523599 0.073155 5 0.561559 -0.234867 0.252396 0.93614 0.0691023 2 -2 -0.174043 0.523599 3.64692 5 5 -0.0194233 0.345686 0.638523 0.687323 2 1.89383 0.671144 0.523599 0.349451 2.55692 1.8667 0.136337 0.175959 0.869187 0.441547 1.6643 0.86589 -2 0.523599 0.418756 1.86955 1.32242 22.545 0.0446831 0.0939027 0.00469855 22.7223 0.0294865 -0.077209 -0.0776444 29.0293 0.0870809 0.0249534 -0.00668886 20.9103 -0.0119894 -0.0405039 -0.0645606 0.28
-6.80175 2.24899 13.622 -0.0911492 -0.0822719 0.991495 0.0431474 3.27357 3.55213 2.80191 4.61114 -0.578137 -1.03724 0.227478 -0.192914 0.934584 0.193886 2 2 -1.99102 0.523599 1.87966 5 4.09562 0.247891 -0.0754689 0.936113 0.237797 -2 2 -2 0.523599 1.437 5 5 0.226143 -0.214546 0.932516 0.18233 -1.74271 1.8497 -2 0.523599 3.57746 5 5 -0.0269173 -0.304769 0.714268 0.629454 -2 0.444552 2 0.523599 3.15795 5 5 15.0032 0.0446301 0.081372 -0.0174829 15.6763 -0.0945946 0.0802973 -0.0815599 25.4726 -0.0462063 -0.000544888 -0.0903342 23.3377 -0.0738476 -0.00520169 0.0704858 0.81
-5.78989 3.43019 14.644 -0.0893147 -0.0842599 0.992204 0.0212954 2.44667 2.34349 2.64333 11.6763 -0.812009 -0.486622 0.254064 -0.156361 0.953147 0.0501382 -1.27326 -0.0740995 -2 0.523599 3.54837 5 4.97551 0.240895 -0.228383 0.937326 0.105973 1.03315 2 -2 0.523599 3.34291 5 5 0.25176 -0.193404 0.946318 0.0607802 1.99993 1.07332 -2 0.523599 5.49711 5 5 0.0173688 -0.352929 0.646067 0.676563 -1.04958 -0.0920711 -0.743764 0.523599 5.07183 5 5 10.9696 -0.0861384 -0.0545816 -0.090276 10.695 0.0798198 0.0754123 -0.0294686 23.8462 0.0984905 -0.020431 -0.0127817 26.8683 0.025011 -0.0141217 -0.0722043 0.38
-3.27566 4.57278 16.1663 0.0847445 0.0888551 0.0158982 0.992306 3.43352 1.47927 0.190659 0.202333 -2.19616 1.49478 0.251916 -0.181288 0.358936 0.880249 -0.247861 2 2 0.523599 1.96404 5 5 0.252748 0.216913 0.941252 -0.0557862 2 -2 -2 0.523599 1.74604 5 5 0.0473091 -0.267501 0.9486 0.162369 2 2 2 0.523599 3.8746 5 5 0.207062 -0.286575 0.910487 0.214509 -2 2 -2 0.523599 3.44162 5 5 29.1028 0.0110258 0.0277548 0.0936364 23.3116 0.0448975 -0.0593383 -0.0710198 5.97663 0.0149943 0.0444311 0.0675404 1.49607 -0.0502007 0.0394338 -0.0345177 0.93
-0.869329 4.82922 16.6004 -0.0868092 0.086839 0.992403 0.00776638 3.52156 -0.141998 0.0805649 6.77164 2.42072 -0.363411 -0.158499 -0.316035 0.230391 0.906598 -2 -2 0.904388 0.523599 6.15395 5 5 0.252858 0.219815 0.940574 -0.0553571 2 -2 -2 0.523599 5.915 5 5 -0.318283 -0.153935 0.903189 0.243412 -1.50994 -1.04089 2 0.523599 1.77826 5 5 0.160312 0.169407 0.0394376 0.97162 2 -1.77045 -2 0.523599 1.36045 5 5 24.2698 -0.0287013 -0.0642289 -0.0132001 10.0377 0.00208153 -0.00789694 -0.065474 25.8731 -0.0422884 -0.0366372 0.0477163 24.7645 0.0690242 -0.0454271 -0.00875853 0.83
0.620864 4.93002 16.3614 -0.0846606 0.0889349 0.991916 0.0320216 3.50323 0.694177 -1.13711 4.8211 -0.696093 1.57335 -0.187629 -0.29671 0.133233 0.926827 -2 0.426986 -2 0.523599 1.93566 5 5 0.260474 0.0606942 0.963444 0.0156843 -0.954232 1.65541 -2 0.523599 1.69322 5 5 -0.350802 0.0440205 0.625359 0.695648 -2 -2 2 0.523599 3.84333 5 5 0.102076 0.159778 0.126659 0.973657 -0.862821 2 -0.925142 0.523599 3.41273 5 5 14.4448 -0.0956533 0.0591948 -0.0768158 16.5512 -0.0720544 0.0891564 -0.059559 16.8902 -0.0543321 -0.0244242 0.078541 5.39856 -0.0698249 0.0950239 0.0262161 0.41
3.06621 5.28234 14.6035 0.0855374 0.0267838 0.0647373 0.993869 3.58269 0.268128 -3.09678 5.7275 -5.82281 -0.542203 -0.224799 -0.190795 0.135465 0.945892 2 -1.31141 2 0.523599 5.90357 5 5 -0.0406724 0.292338 0.870283 0.394325 -2 -2 2 0.523599 5.6671 5 5 -0.0595865 0.259236 0.963429 0.0324008 2 -2 -2 0.523599 1.55314 5 5 0.282697 -0.0957298 0.646622 0.701996 -2 2 -2 0.523599 1.0885 5 5 12.1258 0.0608519 -0.022005 0.0848133 21.5949 -0.0707351 -0.069469 0.0782067 27.5392 0.0745389 -0.0714283 -0.0582931 5.97199 -0.0478539 0.0483198 -0.0991575 0.79
4.46778 5.4248 13.1329 0.0843778 0.0343717 0.0871423 0.992021 4.14403 0.718282 -4.9554 2.77534 -6.69807 0.619916 -0.255256 0.132039 0.0508175 0.956466 2 -1.39292 2 0.523599 1.42387 5 5 0.049217 0.279589 0.47464 0.833141 -2 -2 -0.950169 0.523599 1.19873 5 5 0.208116 0.206822 0.955718 -0.0226859 -0.17537 0.201283 -0.616316 0.523599 3.3544 5 5 0.222984 -0.140887 0.896929 0.35489 1.55994 2 -2 0.523599 2.89166 5 5 5.76432 0.00242081 -0.00226412 0.0296546 20.5591 -0.0226923 -0.0788944 -0.0819491 1.9224 -0.060427 0.0611467 0.0384357 8.4026 0.0988873 0.0367209 -0.0552587 0.36
7.22441 6.13822 8.43168 0.0926666 -0.0562194 0.0990757 0.989159 3.37974 0.175996 -6.54258 -0.503684 -0.896316 -1.40795 -0.248745 0.251249 0.932666 0.0716577 -2 -2 1.85652 0.523599 5.61799 5 5 -0.0848292 -0.0269111 0.99603 -0.00183127 2 -2 -2 0.523599 5.36481 5 5 0.252113 0.247869 0.933548 -0.0590663 2 -2 2 0.523599 1.22621 5 5 0.319323 0.151766 0.901512 0.249552 -2 -2 -2 0.523599 0.788361 5 5 26.8758 -0.087428 -0.0775524 -0.00172864 14.4043 0.055212 -0.0561949 -0.0142102 3.37425 0.0331873 -0.0874156 0.0530334 18.7676 -0.079719 -0.0786845 -0.0551282 0.83
